public/data/wind.json
{"header": { "discipline":0, "disciplineName":"Meteorological products", "gribEdition":2, "gribLength":76514, "center":7, "centerName":"US National Weather Service - NCEP(WMC)", "subcenter":0, "refTime":"2015-05-02T12:00:00.000Z", "significanceOfRT":1, "significanceOfRTName":"Start of forecast", "productStatus":0, "productStatusName":"Operational products", "productType":1, "productTypeName":"Forecast products", "productDefinitionTemplate":0, "productDefinitionTemplateName":"Analysis/forecast at horizontal level/layer at a point in time", "parameterCategory":2, "parameterCategoryName":"Momentum", "parameterNumber":2, "parameterNumberName":"U-component_of_wind", "parameterUnit":"m.s-1", "genProcessType":2, "genProcessTypeName":"Forecast", "forecastTime":0, "surface1Type":103, "surface1TypeName":"Specified height level above ground", "surface1Value":10.0, "surface2Type":255, "surface2TypeName":"Missing", "surface2Value":0.0, "gridDefinitionTemplate":0, "gridDefinitionTemplateName":"Latitude_Longitude", "numberPoints":65160, "shape":6, "shapeName":"Earth spherical with radius of 6,371,229.0 m", "gridUnits":"degrees", "resolution":48, "winds":"true", "scanMode":0, "nx":360, "ny":181, "basicAngle":0, "subDivisions":0, "lo1":0.0, "la1":90.0, "lo2":359.0, "la2":-90.0, "dx":1.0, "dy":1.0 }, "data":
[rows 105 to 139 of 181, columns 79 to 157 of 360]
-6.09,-6.8,-7.1,-7.61,-7.65,-7.19,-6.84,-6.69,-6.32,-6.41,-6.27,-5.86,-5.75,-5.08,-4.01,-3.5,-3.99,-4.77,-5.01,-4.58,-4.84,-4.53,-3.85,-4.96,-5.84,-5.66,-4.9,-4.21,-3.77,-3.51,-2.96,-2.53,-1.98,-1.19,-1.06,-0.83,-0.38,-1.13,-1.9,-1.95,-2.36,-2.97,-3.62,-3.68,-1.9,0.12,0.34,1.57,-2.07,1.17,-0.51,-1.54,-1.97,-1.56,-1.77,-2.73,-2.07,-3.89,-4.13,-4.46,-2.5,-0.19,2.01,0.79,-1.9,-1.41,-1.96,-5.14,-4.23,-3.52,-3.27,-3.62,-3.84,-3.98,-4.23,-4.8,-4.54,-5.12,-5.28
-5.82,-6.02,-7.33,-7.56,-7.25,-7.18,-6.73,-6.56,-6.17,-6.2,-6.47,-6.17,-5.61,-5.09,-4.64,-3.83,-3.94,-4.46,-4.59,-5.12,-4.69,-3.75,-3.92,-4.34,-5.28,-5.25,-4.62,-3.95,-3.72,-3.45,-3.08,-2.59,-2.2,-1.93,-1.17,-0.31,0.44,0.13,0.16,-0.76,-1.01,-1.27,-1.72,-1.27,0.76,4.0,0.94,-2.19,-2.23,-1.71,-2.34,-1.41,-1.24,-1.85,-1.42,-1.32,-1.39,-0.85,-2.0,-3.79,-2.29,0.82,3.11,1.74,-0.6,-2.44,-1.53,-3.65,-4.57,-3.59,-2.88,-2.09,-2.2,-3.48,-3.3,-4.15,-4.02,-4.33,-5.59
-5.93,-6.49,-6.72,-7.59,-7.98,-7.42,-7.19,-7.07,-6.73,-6.2,-6.1,-5.99,-5.77,-5.39,-5.15,-5.13,-4.84,-5.19,-4.94,-4.27,-3.8,-2.97,-2.83,-3.6,-4.89,-4.48,-3.68,-2.84,-2.62,-3.57,-3.51,-3.27,-2.64,-2.07,-1.64,-0.78,0.39,2.23,3.06,0.26,-0.48,-0.47,0.13,1.82,1.91,1.99,0.66,-1.73,-3.14,-1.8,-2.76,-1.68,-1.82,-3.22,-2.22,-1.45,-1.61,-1.74,-2.01,-0.86,-0.34,1.41,0.45,0.92,0.86,1.13,-2.16,-1.27,-4.07,-4.44,-3.25,-2.71,-2.41,-2.15,-3.03,-3.55,-4.17,-3.86,-4.77
-6.25,-6.65,-7.03,-7.77,-8.65,-7.85,-8.03,-7.94,-7.29,-6.74,-6.39,-6.02,-6.16,-6.02,-5.99,-6.27,-6.54,-6.24,-5.91,-6.06,-5.51,-4.98,-3.22,-3.85,-5.12,-5.3,-4.25,-3.43,-2.74,-2.49,-2.9,-2.79,-2.45,-1.44,-0.36,0.26,0.43,1.76,3.01,1.78,-1.26,-0.83,0.72,4.03,2.36,2.01,-1.48,-3.33,-3.53,-2.4,-3.38,-2.19,-2.43,-3.48,-2.92,-1.82,-2.59,-2.11,-1.51,-1.2,-1.44,-1.16,-1.04,-0.93,-0.45,1.02,-1.91,0.82,-3.42,-4.22,-3.19,-3.18,-3.3,-3.09,-2.47,-3.13,-3.05,-3.43,-3.61
-7.43,-7.7,-7.46,-8.26,-8.96,-8.61,-8.89,-8.72,-7.84,-7.18,-7.01,-6.8,-6.79,-6.94,-7.02,-7.11,-7.04,-6.77,-6.88,-6.49,-7.16,-6.86,-6.82,-6.9,-6.08,-5.35,-4.15,-3.03,-2.74,-2.2,-2.2,-2.77,-2.36,-0.78,0.44,1.6,2.12,2.49,3.29,-2.07,-3.7,0.34,2.46,3.38,4.36,-2.26,-3.55,-3.01,-3.42,-3.37,-3.93,-2.77,-2.59,-2.67,-3.43,-2.86,-2.96,-2.98,-1.75,-1.05,-2.47,-1.21,-1.67,-1.21,-1.08,-1.46,-1.85,-1.14,-1.65,-3.55,-2.94,-2.75,-2.84,-3.15,-3.07,-2.28,-2.05,-2.44,-3.37
-8.83,-8.95,-8.8,-9.54,-9.52,-9.44,-9.29,-8.65,-7.97,-7.63,-7.72,-7.33,-6.94,-7.29,-7.0,-7.29,-7.61,-7.21,-7.21,-7.59,-7.27,-6.87,-6.29,-6.41,-6.06,-5.23,-4.0,-2.87,-2.21,-2.21,-2.16,-2.1,-1.69,-0.8,0.42,1.51,2.8,3.79,3.97,-0.56,-1.28,-1.0,5.9,0.06,-0.3,-3.42,-2.83,-3.72,-2.86,-4.31,-4.02,-3.22,-2.61,-2.94,-3.47,-4.16,-2.77,-3.15,-1.9,-1.45,-2.78,-1.48,-2.23,-1.29,-1.88,-2.27,0.15,-0.19,-0.8,-0.6,-1.67,-2.28,-1.83,-2.15,-2.62,-2.7,-2.43,-2.52,-2.95
-9.65,-9.75,-9.82,-9.87,-9.82,-9.46,-8.59,-7.85,-7.45,-7.21,-7.2,-7.61,-7.48,-7.59,-7.6,-7.03,-7.18,-7.44,-7.43,-7.38,-7.41,-6.48,-6.34,-6.08,-4.93,-3.61,-3.36,-2.19,-1.31,-1.46,-1.51,-1.29,-1.5,-0.95,0.39,2.34,3.25,3.64,3.91,-0.29,-0.51,1.66,4.79,-1.74,-1.44,-2.39,-2.74,-3.25,-3.88,-3.93,-4.05,-3.4,-3.07,-2.68,-3.38,-3.88,-3.12,-2.59,-2.21,-1.98,-3.43,-2.05,-1.95,-1.55,-1.75,-1.45,-0.58,0.72,-0.38,-1.21,1.39,-0.04,0.05,-1.15,-0.87,-1.3,-2.01,-2.58,-2.54
-9.99,-10.58,-10.4,-9.97,-9.62,-9.01,-7.92,-7.26,-6.93,-6.47,-6.66,-7.11,-7.33,-7.96,-7.83,-7.66,-7.12,-6.35,-6.74,-6.47,-6.3,-5.6,-5.26,-4.67,-4.31,-3.58,-2.8,-1.28,-1.11,-0.96,-1.25,-1.19,-0.98,-0.69,0.2,2.61,1.12,2.11,3.3,3.12,0.99,2.05,4.71,-1.64,-1.09,-1.61,-3.14,-2.26,-4.5,-3.35,-2.48,-2.21,-2.23,-2.78,-3.36,-4.03,-3.49,-2.32,-1.69,-1.7,-2.73,-1.84,-2.09,-1.51,-1.71,-0.81,0.42,1.23,1.02,-0.69,-0.82,1.15,-1.66,-1.14,0.0,0.42,-0.5,-2.1,-2.19
-9.37,-9.23,-8.99,-8.95,-8.77,-8.48,-7.81,-7.22,-6.82,-7.0,-6.93,-7.55,-7.7,-7.65,-7.18,-6.36,-6.02,-5.5,-5.03,-5.0,-4.53,-3.89,-3.62,-3.43,-2.98,-2.39,-2.63,-1.81,-1.48,-2.41,-2.44,-1.88,-0.98,-0.44,-0.15,1.87,0.26,2.47,4.67,3.0,2.28,2.1,2.6,-2.21,-1.1,-2.43,-2.58,-3.06,-3.57,-2.19,-1.88,-3.01,-2.0,-2.19,-4.36,-3.19,-2.38,-1.95,-1.74,-1.14,-1.57,-1.48,-2.15,-1.63,-1.51,-0.5,-0.22,0.2,-0.86,0.45,-1.05,0.75,4.54,3.59,4.38,4.39,1.05,0.15,-1.79
-8.4,-7.91,-7.98,-8.27,-8.7,-8.96,-8.49,-8.05,-7.68,-7.68,-7.93,-7.99,-7.76,-7.02,-6.29,-5.61,-5.2,-4.86,-4.35,-3.78,-3.23,-2.54,-2.43,-2.11,-1.75,-1.28,-2.02,-3.24,-3.44,-4.0,-4.71,-3.56,-1.72,-0.42,-0.71,1.69,1.86,2.8,4.0,3.98,3.56,0.85,1.05,-2.37,-1.49,-2.45,-3.36,-2.49,-2.27,-1.89,-3.03,-2.83,-5.21,-4.02,-4.02,-3.28,-2.77,-1.99,-1.25,-0.97,-1.2,-1.45,-2.12,-1.46,-0.75,-1.05,0.13,-1.01,-0.52,0.47,-0.23,0.14,0.84,3.55,6.3,6.79,5.74,1.95,0.26
-7.49,-7.21,-7.64,-8.57,-9.09,-9.06,-8.09,-7.3,-7.05,-7.22,-7.32,-7.32,-7.34,-6.31,-5.84,-5.2,-4.74,-4.45,-4.15,-3.52,-2.91,-2.05,-1.87,-1.8,-1.9,-2.24,-2.33,-3.12,-3.0,-2.99,-3.26,-3.0,-1.75,-0.39,0.07,1.48,3.57,-0.74,1.78,3.89,3.57,-0.37,-2.11,-3.26,-1.69,-3.12,-3.83,-2.31,-2.89,-2.43,-3.18,-3.66,-4.59,-4.47,-3.92,-3.21,-2.27,-2.42,-2.26,-0.53,-0.96,-1.36,-2.01,-0.59,-0.61,-0.67,0.47,0.04,0.93,2.48,2.33,1.91,2.05,1.89,5.42,6.9,6.71,5.34,3.11
-6.67,-6.64,-7.91,-7.94,-9.45,-7.97,-7.23,-6.59,-6.11,-5.98,-6.16,-6.23,-6.16,-5.68,-5.03,-4.66,-4.42,-3.95,-3.31,-2.61,-2.79,-2.53,-2.58,-2.69,-2.61,-3.71,-3.51,-3.45,-2.99,-2.01,-2.09,-1.88,-1.58,0.56,0.64,2.1,1.69,-3.23,-1.47,-2.65,-2.88,-2.56,-2.97,-2.47,-2.23,-4.46,-5.05,-5.07,-4.34,-3.41,-4.07,-3.67,-3.77,-4.16,-3.87,-3.29,-2.33,-1.65,-2.83,-0.98,-1.07,-1.39,-0.91,0.0,-0.51,0.12,1.1,1.99,2.3,2.55,3.05,1.73,2.08,1.92,2.97,7.34,5.79,6.05,4.8
-7.47,-7.38,-8.61,-8.7,-8.26,-6.95,-6.15,-5.78,-5.87,-5.91,-5.77,-5.74,-5.44,-4.96,-4.5,-4.0,-4.08,-3.7,-3.66,-3.79,-3.05,-3.76,-3.85,-4.08,-3.3,-3.07,-3.98,-3.07,-2.48,-2.23,-1.94,-1.63,-1.06,0.59,1.25,0.28,3.3,-4.17,-3.9,-3.01,-4.79,-5.11,-7.11,-7.07,-5.39,-5.35,-5.27,-5.6,-4.26,-4.38,-6.52,-5.07,-3.48,-4.17,-3.44,-3.24,-2.47,-0.66,-2.23,-1.52,-0.34,-0.86,0.38,0.2,0.61,1.33,2.12,3.15,3.73,4.14,3.97,2.02,1.59,4.11,4.16,3.96,3.36,3.97,4.44
-9.25,-9.81,-9.44,-8.19,-7.11,-6.06,-5.98,-5.66,-6.38,-5.85,-5.35,-5.13,-5.2,-5.02,-4.63,-4.47,-3.61,-3.57,-3.42,-3.53,-3.45,-2.56,-3.22,-2.6,-2.02,-1.91,-2.41,-2.32,-1.35,-0.94,-1.59,-0.9,-0.69,-0.9,0.06,-0.8,1.46,-1.6,-3.68,-3.47,-4.5,-5.59,-5.86,-5.23,-4.41,-4.86,-3.26,-4.28,-4.47,-4.28,-4.96,-3.88,-3.0,-2.16,-2.67,-2.93,-1.14,-1.42,-0.03,-0.99,-1.3,0.11,1.01,1.71,1.53,1.41,2.46,3.62,3.18,2.86,0.9,0.86,1.69,2.38,0.94,1.8,2.34,3.01,4.82
-8.41,-8.16,-7.84,-7.27,-6.73,-6.77,-6.51,-6.28,-6.13,-5.31,-5.25,-4.91,-4.46,-4.25,-4.22,-3.25,-3.53,-3.6,-2.84,-2.34,-1.32,-1.0,-1.75,-1.55,-0.85,-0.74,-1.19,-1.13,-0.87,0.01,-0.33,-1.2,-0.92,-2.51,-3.05,-2.6,-0.6,2.08,-2.5,-2.51,-3.0,-3.89,-3.62,-4.19,-3.55,-2.97,-4.19,-4.05,-4.1,-4.07,-3.32,-3.55,-2.17,-1.96,-1.16,-1.44,-1.37,-0.62,0.08,0.68,2.15,-0.35,0.91,1.93,0.61,0.64,2.02,2.82,2.22,0.44,1.28,1.26,1.44,1.52,1.5,-0.86,0.42,1.62,1.08
-6.92,-6.81,-6.57,-6.0,-6.31,-6.35,-5.33,-4.97,-4.62,-4.31,-4.27,-4.18,-3.77,-3.32,-2.88,-2.43,-2.56,-1.89,-1.21,-0.95,-0.39,-0.11,0.33,0.89,1.11,0.96,0.42,0.39,-0.16,0.27,-0.48,-0.43,-1.54,-2.08,-2.86,-1.89,-1.83,1.34,-0.71,-2.14,-1.06,-0.13,-0.43,-0.74,-2.0,-1.94,-2.43,-3.1,-2.75,-2.76,-2.54,-2.23,-0.65,0.49,-0.01,0.99,0.05,0.21,0.65,0.8,0.15,-0.31,1.43,1.81,-0.8,0.94,1.48,1.66,0.47,0.59,1.29,1.46,0.1,0.78,0.7,-3.09,-2.94,-3.98,-6.84
-5.96,-5.46,-5.36,-5.35,-5.76,-5.51,-4.08,-3.8,-3.01,-3.13,-3.39,-3.02,-2.15,-2.06,-1.45,-0.14,0.83,1.36,1.05,1.41,1.47,1.41,1.67,2.07,1.89,1.65,1.92,2.38,2.37,1.71,0.86,0.5,-0.09,-2.31,-2.71,-1.86,-1.01,0.57,-0.66,-0.37,-0.44,0.65,0.78,-0.66,-3.11,-3.71,-2.16,-2.62,-2.3,-1.88,-1.53,-2.82,-3.47,-1.74,-1.15,-0.75,0.6,1.42,2.15,2.53,4.28,3.39,1.79,-0.77,-0.63,1.21,0.07,1.14,0.26,0.22,-1.62,-0.89,-0.78,0.3,-0.5,-8.86,-9.65,-11.12,-12.44
-5.11,-4.86,-4.51,-4.42,-4.21,-4.84,-4.14,-4.52,-4.07,-3.16,-2.18,-1.53,-0.97,-1.08,-0.19,0.93,1.79,1.94,2.29,2.29,2.82,3.36,4.1,4.69,5.09,5.15,4.53,4.15,3.53,3.93,2.83,2.28,1.76,0.67,-0.86,-1.35,-0.05,0.01,1.34,-0.66,1.69,2.46,1.02,-2.02,-2.2,-1.96,-0.64,-0.73,-3.06,-4.53,-5.26,-3.27,-1.6,0.4,1.02,0.73,1.63,2.26,1.65,-0.94,1.92,-0.5,-0.64,-0.12,0.78,-0.26,0.71,1.05,-0.18,-0.73,-3.47,-1.52,0.1,0.98,-6.58,-11.21,-12.76,-14.57,-11.81
-4.22,-4.38,-4.27,-4.01,-3.92,-3.9,-4.08,-3.85,-3.32,-2.78,-1.55,-0.11,-0.13,0.27,0.98,1.11,0.55,0.48,1.08,1.39,1.99,2.08,2.03,2.16,3.14,4.11,5.4,6.67,6.07,4.91,4.9,4.68,3.17,3.05,2.77,0.79,1.35,0.36,1.27,0.86,-1.12,-1.87,-1.63,-0.87,-2.37,-0.73,-1.22,-3.85,-4.84,-3.7,-1.98,0.1,1.93,3.56,4.38,3.81,2.09,1.95,-1.02,-0.97,1.87,3.32,3.15,2.43,2.0,0.38,0.8,0.14,-0.99,-2.09,-0.55,-0.78,0.85,-3.28,-8.37,-11.42,-10.69,-11.54,-10.81
-3.47,-3.39,-3.1,-2.89,-3.22,-3.7,-3.32,-2.1,-0.91,0.26,1.25,0.01,-1.55,-2.16,-1.84,-0.52,0.72,1.27,2.41,3.02,4.17,4.47,3.89,3.41,3.42,3.88,3.76,3.89,4.34,6.88,7.0,6.19,5.68,5.4,4.31,4.02,1.88,0.61,0.65,-0.04,-1.19,-3.17,-3.11,-4.52,-3.15,-5.07,-5.61,-4.12,-2.5,-0.91,0.96,2.61,4.59,5.58,5.61,5.39,4.11,2.53,1.74,1.05,1.82,1.96,2.14,1.28,0.79,1.05,0.08,-1.29,-0.93,-2.72,-0.61,-0.72,1.46,-6.36,-8.86,-8.82,-11.63,-11.75,-11.39
-3.38,-4.33,-4.92,-4.38,-3.68,-3.68,-2.6,-0.63,-1.01,-2.48,-5.26,-4.96,-3.07,-0.86,0.58,1.57,2.2,3.32,4.31,5.15,5.84,6.06,6.1,5.81,5.93,6.22,6.21,6.03,5.81,5.47,4.42,6.71,8.57,7.33,6.34,5.9,5.1,3.78,3.19,-0.09,-1.85,-2.01,-2.05,-3.78,-5.54,-4.54,-2.95,-2.13,-0.03,1.52,2.82,4.33,5.28,5.92,6.52,5.26,4.07,3.71,2.18,3.91,1.42,1.11,0.98,1.51,1.46,1.58,0.32,-1.58,-1.04,-1.38,-1.0,0.6,0.27,-7.89,-9.34,-10.3,-10.78,-11.15,-10.45
-3.68,-4.04,-3.31,-2.9,-3.29,-2.51,-4.01,-5.69,-4.61,-4.04,-2.37,-1.71,-1.24,-0.28,0.99,2.05,3.02,3.9,4.74,5.46,6.1,6.33,6.14,6.14,7.08,7.48,7.76,8.01,8.12,8.13,7.79,7.33,6.65,7.08,8.97,6.79,6.13,6.33,6.39,5.56,4.28,3.87,1.94,0.23,-0.27,-0.03,0.62,1.71,2.82,2.91,3.72,5.04,5.93,5.42,3.84,3.98,4.01,3.87,2.55,4.89,4.55,1.56,2.22,3.24,2.5,1.43,0.88,-0.9,-1.36,-0.96,-0.1,0.71,-4.12,-8.42,-9.53,-8.88,-8.77,-9.2,-9.07
-3.38,-2.39,-2.02,-2.83,-4.7,-4.58,-3.12,-3.13,-3.38,-3.04,-2.08,-0.67,0.03,0.85,1.88,2.84,3.17,3.96,5.18,6.4,7.17,7.3,7.3,7.91,8.7,9.13,9.12,9.27,9.34,9.33,9.51,9.59,9.32,9.14,7.76,8.36,9.38,8.34,8.07,6.64,5.93,6.24,5.9,4.84,4.27,4.71,4.93,4.59,3.9,3.53,4.84,5.85,5.89,4.38,3.91,4.04,4.02,5.0,5.74,6.74,7.05,2.3,1.81,2.11,1.96,0.71,0.32,-1.32,-0.43,0.34,-0.33,-0.71,-4.88,-7.34,-8.32,-7.82,-7.03,-7.03,-7.28
-2.14,-1.97,-1.12,-3.66,-3.25,-3.62,-3.79,-3.06,-2.26,-1.27,-0.17,-0.08,0.76,2.02,3.03,2.95,3.6,4.97,6.31,6.94,7.31,7.85,8.89,10.01,10.77,10.54,10.5,10.93,10.78,10.12,9.3,9.31,9.67,9.84,9.4,8.29,6.74,7.52,9.15,7.84,7.95,7.52,7.73,7.96,6.48,6.06,5.84,5.71,4.67,5.09,6.09,6.33,4.54,4.86,6.01,5.6,5.27,5.9,7.45,7.2,7.89,8.55,2.4,1.01,0.8,1.04,1.75,-0.2,0.27,2.37,-2.49,-2.44,-4.5,-5.45,-5.7,-6.3,-6.65,-7.05,-7.71
-1.56,0.75,-1.56,-2.63,-3.72,-3.47,-2.52,-1.79,-0.66,0.37,0.56,1.03,1.78,2.43,3.35,3.55,4.33,5.89,6.28,7.1,8.36,9.38,10.54,11.7,11.89,11.81,10.81,10.51,10.79,11.3,11.28,10.94,10.6,9.88,9.32,9.52,9.65,8.93,6.78,6.26,9.31,8.99,8.37,7.72,5.77,6.2,6.21,6.08,5.52,5.45,5.59,4.28,5.5,6.24,6.31,6.4,6.12,6.94,6.77,7.18,7.9,8.08,7.24,6.62,6.96,6.81,4.68,2.27,2.74,3.09,-0.81,-1.43,-2.36,-3.51,-3.66,-4.8,-5.3,-5.77,-6.05
0.06,-1.28,-3.7,-3.55,-3.58,-3.33,-2.32,-0.96,0.12,1.09,0.72,1.21,2.03,3.03,4.23,4.86,5.82,6.56,7.33,8.22,9.08,10.52,12.17,12.79,13.03,12.98,12.95,12.42,11.24,10.85,10.65,10.76,10.55,10.14,10.58,10.65,10.74,10.52,10.01,8.74,6.01,7.02,9.5,7.45,6.77,6.01,6.22,5.99,5.95,4.45,3.94,5.03,6.08,6.4,6.4,6.34,6.36,6.93,6.99,7.5,7.16,6.63,6.24,6.3,7.25,3.6,7.94,5.51,3.92,1.39,3.97,1.67,-1.5,-2.34,-2.9,-3.77,-4.29,-4.33,-3.92
-1.46,-3.68,-3.63,-3.77,-4.01,-2.88,-1.34,-0.57,0.46,1.23,0.88,1.6,2.65,4.04,5.13,5.99,7.07,7.22,7.89,8.82,10.81,12.4,13.18,13.77,13.85,13.04,12.41,11.9,11.8,12.4,12.8,12.88,12.36,12.01,11.75,11.69,11.5,11.6,11.33,11.25,10.86,8.77,6.94,8.64,8.6,7.97,6.03,6.82,5.68,5.21,5.78,5.54,6.13,6.93,6.53,6.73,6.69,6.99,7.45,7.97,8.14,7.37,6.9,7.54,7.76,7.68,1.94,6.43,4.78,1.36,5.23,4.75,-0.65,-1.78,-2.24,-2.64,-2.72,-2.42,-2.18
-1.41,-3.84,-3.01,-3.16,-2.98,-2.0,-0.66,-0.45,0.64,0.87,1.33,2.93,3.8,4.89,5.92,6.59,6.53,7.23,8.27,9.97,10.51,10.94,11.85,12.31,12.68,12.83,13.08,13.1,12.87,12.8,12.67,12.62,12.7,12.73,12.62,12.74,12.75,12.52,12.09,11.82,11.67,12.28,11.17,8.76,8.65,9.86,8.36,6.47,6.13,5.9,6.11,5.75,5.94,6.61,7.11,7.24,7.45,7.49,8.4,8.84,9.2,9.21,8.93,9.34,8.97,8.27,6.49,2.49,1.9,1.27,4.75,4.97,-0.5,-0.05,-1.95,-2.8,-2.24,-1.24,-0.58
-1.87,-3.58,-2.47,-2.1,-1.78,-1.2,-0.2,0.77,0.93,1.25,2.93,3.94,4.64,5.38,5.54,5.4,6.16,7.44,8.18,8.12,8.5,9.6,10.33,10.76,10.98,11.09,11.06,11.44,12.31,12.67,12.81,12.82,13.2,13.35,13.63,13.31,13.11,13.03,13.14,12.89,12.37,12.42,12.33,11.59,8.95,9.04,9.05,7.94,7.16,6.78,6.49,6.39,6.62,6.82,6.77,7.73,8.05,8.32,8.22,9.34,8.92,7.85,8.49,8.78,8.89,8.64,8.21,0.31,0.36,1.61,3.98,4.83,1.65,-1.31,-2.28,-2.62,-2.32,-1.21,0.08
-1.89,-1.94,-1.55,-0.69,-0.6,-0.14,1.08,1.41,1.68,2.61,3.76,4.44,4.57,4.54,4.52,5.11,6.17,6.82,7.35,8.37,9.48,9.97,9.9,9.82,9.94,10.62,11.55,12.07,12.52,13.19,13.7,14.25,14.44,14.33,14.17,13.97,13.74,13.62,14.2,14.54,14.44,14.14,13.57,11.62,10.42,9.48,9.87,8.26,7.7,7.53,7.07,6.8,6.72,6.94,7.8,7.83,8.6,7.93,7.95,8.41,7.84,6.65,6.31,5.82,4.83,5.53,6.56,6.78,0.51,2.74,4.02,4.43,1.1,-1.85,-1.63,-1.64,-2.19,-1.95,-1.3
-0.61,-2.01,-1.18,-0.06,0.37,1.43,2.43,2.34,2.6,3.79,4.23,4.29,4.22,4.23,4.77,5.62,5.77,6.69,8.01,8.97,8.92,10.29,10.3,10.63,11.33,12.35,12.25,12.21,12.8,12.98,12.91,12.92,13.13,13.46,13.44,13.56,13.71,13.4,14.35,14.68,14.48,14.64,14.08,13.61,12.58,11.59,10.05,10.18,9.15,7.98,7.63,7.25,6.98,7.38,7.82,8.65,7.81,7.94,7.71,7.76,7.56,5.8,4.96,3.89,3.29,3.46,3.71,3.96,0.93,3.19,1.55,1.89,0.48,0.4,-0.64,-0.81,-1.23,-1.09,-0.58
-1.04,-1.38,-0.99,-0.24,0.88,2.56,2.88,3.41,4.25,4.66,4.7,4.34,4.49,4.85,5.23,5.48,6.48,7.57,8.16,8.88,9.69,9.89,10.65,10.74,11.54,11.9,12.67,13.72,14.58,14.33,13.31,13.43,13.35,12.79,13.0,12.96,12.98,13.89,14.2,14.17,13.98,13.5,13.96,13.94,12.84,12.7,11.26,10.32,10.84,9.93,9.14,7.81,7.24,7.63,7.7,8.33,8.02,7.9,7.53,7.34,7.84,5.12,3.71,2.57,2.03,0.72,0.59,2.69,1.47,1.0,0.28,0.82,1.14,0.33,0.0,-0.26,-0.38,-0.11,0.52
-2.4,-2.2,-1.76,0.01,2.13,3.32,3.23,4.7,5.36,5.7,5.25,4.9,4.84,5.3,5.39,6.35,7.24,7.65,8.12,8.27,8.99,8.7,8.23,9.09,9.31,10.65,11.66,12.7,13.59,14.29,14.08,13.47,13.31,13.7,13.34,12.71,12.63,12.85,13.09,13.31,12.84,12.06,11.74,12.67,13.07,13.68,13.3,11.37,10.05,10.6,10.21,9.65,8.47,7.65,7.37,7.71,8.47,8.38,7.65,7.29,7.13,5.3,4.18,3.52,2.98,2.49,2.52,2.25,2.51,0.2,0.01,0.12,0.48,-0.18,0.35,0.62,0.29,0.46,1.44
-2.7,-0.99,0.45,1.93,3.65,4.45,4.89,6.08,6.57,6.35,5.99,5.56,5.38,5.48,6.12,6.58,7.26,7.56,7.35,7.53,7.69,7.33,7.63,7.52,8.89,9.23,9.37,10.86,12.2,13.23,13.39,13.24,13.23,13.15,13.51,13.38,12.44,12.57,13.19,12.2,12.42,12.04,11.47,11.3,11.69,11.94,12.33,12.86,12.32,8.6,6.97,8.26,8.16,8.28,7.28,6.82,7.75,7.38,7.15,6.96,6.58,6.34,4.84,4.54,4.22,4.82,5.73,4.05,2.85,1.73,1.47,1.67,1.27,0.39,0.68,1.59,1.54,1.87,2.87
0.19,1.56,2.42,3.41,4.55,5.66,6.5,7.33,7.45,7.13,6.62,6.12,5.81,5.57,6.2,6.79,7.31,7.38,7.17,7.02,6.75,6.48,6.57,7.69,8.43,8.82,10.08,11.23,11.18,11.11,11.65,12.2,12.8,13.38,13.59,13.56,13.58,12.95,13.34,12.43,11.57,11.28,10.29,10.2,10.86,10.98,10.49,9.84,9.65,9.47,7.75,6.07,7.49,7.13,6.75,5.95,6.21,6.57,5.64,5.64,6.24,5.43,5.67,4.82,4.45,4.08,4.64,3.68,3.13,2.67,1.23,-0.65,-0.32,-0.15,0.52,1.69,2.49,3.71,5.07
