public/data/wind.json
{"header": { "discipline":0, "disciplineName":"Meteorological products", "gribEdition":2, "gribLength":76489, "center":7, "centerName":"US National Weather Service - NCEP(WMC)", "subcenter":0, "refTime":"2015-05-02T12:00:00.000Z", "significanceOfRT":1, "significanceOfRTName":"Start of forecast", "productStatus":0, "productStatusName":"Operational products", "productType":1, "productTypeName":"Forecast products", "productDefinitionTemplate":0, "productDefinitionTemplateName":"Analysis/forecast at horizontal level/layer at a point in time", "parameterCategory":2, "parameterCategoryName":"Momentum", "parameterNumber":3, "parameterNumberName":"V-component_of_wind", "parameterUnit":"m.s-1", "genProcessType":2, "genProcessTypeName":"Forecast", "forecastTime":0, "surface1Type":103, "surface1TypeName":"Specified height level above ground", "surface1Value":10.0, "surface2Type":255, "surface2TypeName":"Missing", "surface2Value":0.0, "gridDefinitionTemplate":0, "gridDefinitionTemplateName":"Latitude_Longitude", "numberPoints":65160, "shape":6, "shapeName":"Earth spherical with radius of 6,371,229.0 m", "gridUnits":"degrees", "resolution":48, "winds":"true", "scanMode":0, "nx":360, "ny":181, "basicAngle":0, "subDivisions":0, "lo1":0.0, "la1":90.0, "lo2":359.0, "la2":-90.0, "dx":1.0, "dy":1.0 }, "data":
[rows 74 to 110 of 181, columns 0 to 82 of 360]
0.64,1.24,2.66,3.13,0.89,-0.73,-1.1,-1.07,-0.37,-1.09,-2.15,-2.4,-2.29,-2.14,-2.07,-2.46,-3.54,-4.5,-4.65,-3.87,-2.87,-2.5,-2.16,-5.6,-6.04,-5.86,-6.3,-7.38,-8.27,-8.08,-7.16,-5.11,-3.28,-2.01,-1.36,-1.42,-0.74,-1.74,-2.24,-0.3,-2.68,4.18,6.57,4.5,-1.99,1.69,1.76,2.33,2.61,3.49,5.51,6.58,4.77,0.52,1.65,1.57,2.1,2.19,1.71,1.01,0.11,-0.79,-1.8,-2.29,-3.23,-3.55,-3.84,-3.64,-3.11,-1.24,-0.12,0.26,0.24,0.31,1.31,-2.66,-2.53,1.25,0.43,1.19,5.58,5.23,8.34
3.37,0.74,1.44,2.26,2.64,0.82,-0.57,-1.11,-1.33,-2.02,-2.32,-2.92,-2.93,-2.91,-3.01,-3.51,-3.52,-3.89,-4.22,-3.77,-2.77,-0.39,-1.4,-4.22,-6.19,-6.23,-7.81,-7.41,-8.76,-8.33,-7.45,-3.47,-2.96,-1.75,1.78,1.26,0.95,-1.22,-3.81,-2.0,-3.19,2.52,8.89,8.82,0.99,-0.56,2.07,5.27,6.48,6.25,3.21,2.49,2.79,2.61,1.56,1.67,1.74,1.62,1.17,0.41,-0.24,-0.6,-1.2,-2.0,-2.59,-3.0,-3.33,-3.35,-3.02,-1.85,-0.55,-0.06,-0.22,0.05,0.93,2.57,-1.76,-1.29,-0.21,0.68,5.23,7.76,7.48
-0.7,-0.83,-1.52,1.46,2.44,2.53,2.63,2.97,1.49,-0.54,-2.32,-2.9,-1.15,-0.95,-4.86,-3.45,-3.53,-3.93,-2.95,-1.22,0.13,0.16,-1.72,-3.15,-1.49,-0.97,-4.22,-6.93,-7.36,-6.91,-5.74,-2.9,-3.88,-0.39,1.45,1.86,-0.07,-1.24,-0.65,0.13,1.88,2.67,5.73,12.29,0.05,4.74,3.95,5.11,5.5,-1.44,0.56,2.41,2.79,1.29,1.15,1.27,1.23,1.25,1.15,0.5,-0.22,-0.59,-0.87,-1.31,-2.01,-2.53,-3.01,-3.35,-3.31,-2.39,-1.33,-0.58,-0.59,-0.28,0.44,1.31,1.58,-1.14,-0.37,0.2,5.4,7.57,7.16
-0.62,-2.15,-2.99,-2.4,-0.05,1.89,1.83,0.79,0.59,0.59,-0.13,-1.74,-3.59,-3.08,-2.02,-4.87,-2.67,-1.22,-0.8,-0.97,0.19,-0.48,-0.24,0.41,-0.69,-2.11,-2.17,-3.68,-3.99,-4.66,-4.83,-4.02,-1.47,3.53,1.81,1.46,-0.01,-3.65,-1.37,-2.39,2.11,0.44,0.52,7.26,5.1,2.53,1.19,-1.56,-1.89,-1.84,0.25,2.73,3.56,2.45,-2.81,1.29,0.74,0.77,0.81,0.42,-0.08,-0.78,-1.59,-2.06,-2.24,-2.34,-2.42,-2.8,-2.96,-2.44,-1.9,-1.62,-1.43,-1.02,-0.65,-0.13,1.74,2.44,1.92,-0.91,6.48,7.38,5.79
-0.35,-0.75,-2.08,-2.21,-0.99,-0.15,0.18,-0.17,0.02,-1.0,-2.84,-3.56,-3.08,-4.0,-3.38,-1.8,-1.37,-1.42,-1.9,-0.53,0.86,1.89,1.73,1.75,0.84,-1.15,1.65,2.05,-1.01,-2.61,-3.21,-3.98,-1.24,2.51,1.66,-0.74,-0.75,-3.7,-1.83,-1.53,0.95,0.19,-0.68,1.22,-2.24,-3.09,-3.88,-3.81,-4.18,-5.17,-5.52,2.81,3.85,2.7,2.67,0.19,0.02,0.06,0.1,-0.15,-0.53,-1.43,-2.28,-2.48,-2.42,-2.2,-2.19,-2.37,-2.29,-2.21,-2.28,-2.32,-2.09,-1.42,-1.12,-0.75,1.26,-0.38,0.8,1.68,7.77,6.13,4.46
-0.41,-0.16,-2.03,-1.37,-1.15,0.14,0.02,-0.58,-1.02,-2.31,-2.69,-1.4,-1.93,-2.81,-3.48,-0.57,0.98,1.38,2.1,1.6,0.33,1.37,1.72,2.04,0.37,1.65,-0.95,0.38,1.31,1.97,2.86,2.65,2.3,3.36,1.41,-0.24,-2.29,-1.62,-3.93,-1.49,-0.59,-1.41,-3.21,-3.82,-4.91,-5.09,-6.0,-5.52,-3.75,-3.75,2.78,2.91,3.45,2.32,0.46,-0.53,-1.05,-0.92,-0.74,-0.84,-1.16,-1.72,-2.3,-2.46,-2.31,-2.08,-1.83,-1.62,-1.57,-1.73,-2.08,-2.19,-2.0,-1.6,-1.29,-0.71,0.31,2.42,-1.1,4.02,8.19,3.63,3.57
0.63,-0.32,0.12,-0.35,-0.35,0.33,0.63,-0.01,-1.6,-3.77,-3.25,0.98,0.02,-0.1,-1.77,-2.12,-0.66,0.81,0.88,1.96,1.72,1.24,2.59,3.86,2.27,1.98,1.56,2.4,2.64,3.19,2.52,2.38,3.12,2.46,1.62,-0.09,-2.63,-1.28,-1.03,-0.85,-2.21,-3.59,-3.43,-4.32,-3.25,-1.6,-0.36,1.9,2.29,2.41,4.28,3.33,2.79,1.79,0.26,-0.59,-1.21,-1.67,-1.5,-1.75,-1.96,-2.18,-2.36,-2.42,-2.27,-2.09,-1.86,-1.64,-1.53,-1.68,-1.93,-2.12,-2.19,-2.04,-1.66,-1.46,-1.82,0.07,1.44,7.68,7.37,1.33,3.3
1.63,0.16,1.02,1.7,0.64,0.04,0.75,0.7,1.56,1.46,2.19,1.03,-0.01,-1.0,-0.64,-0.12,-0.04,1.31,1.93,1.27,2.0,2.67,1.34,3.38,3.57,1.73,1.04,2.77,3.06,3.1,3.33,3.74,3.46,2.75,-0.03,-2.13,-1.46,-0.74,-0.63,-0.62,-2.4,1.43,1.59,2.23,2.67,2.72,3.1,2.94,4.09,4.42,4.75,2.45,2.01,1.12,0.4,-0.75,-1.21,-1.69,-2.37,-2.75,-2.82,-2.83,-2.71,-2.58,-2.36,-2.25,-2.12,-1.96,-1.9,-2.04,-2.23,-2.22,-2.33,-2.49,-2.65,-3.02,-3.32,-1.92,4.87,7.57,5.26,1.98,1.75
3.17,0.74,2.15,2.37,2.16,1.21,0.52,1.47,1.06,1.46,1.26,0.4,-0.15,-0.33,0.43,-0.51,0.69,1.09,2.69,2.18,1.84,3.09,3.38,3.48,2.75,2.89,2.04,0.94,1.69,3.29,3.64,4.08,4.46,4.18,0.76,0.21,-0.81,0.32,-0.42,-2.9,-0.72,1.35,2.96,2.92,2.41,3.48,3.01,2.65,4.74,4.51,3.59,2.3,1.46,1.06,0.38,-0.39,-1.1,-1.84,-2.29,-3.27,-4.04,-4.16,-3.84,-3.49,-3.09,-2.83,-2.63,-2.52,-2.76,-2.84,-2.88,-3.22,-2.94,-3.09,-3.16,-3.35,-3.58,-4.21,4.36,5.3,3.69,0.73,1.71
3.13,2.02,2.47,3.16,3.0,2.01,1.71,2.85,2.36,1.87,-0.29,-1.58,0.07,2.02,1.95,2.26,1.48,3.4,2.65,2.23,2.73,2.68,2.83,3.19,2.71,1.97,0.49,0.37,1.59,3.77,3.89,2.01,4.37,4.76,3.63,1.25,2.17,0.29,2.87,-0.57,0.24,1.68,2.22,2.89,3.4,3.3,3.4,3.23,3.26,4.56,3.04,2.59,1.56,1.21,0.4,-0.29,-0.85,-1.71,-2.4,-2.83,-2.74,-2.28,-2.32,-1.98,-2.47,-2.82,-2.97,-2.58,-2.58,-2.61,-2.54,-2.26,-2.23,-2.24,-2.07,-2.33,-2.49,-1.85,0.21,2.06,1.71,-0.16,3.7
4.18,5.47,4.03,2.99,2.78,3.21,2.02,1.2,2.21,0.56,-2.13,-0.26,1.56,1.5,1.5,2.4,3.46,3.87,3.01,3.07,2.28,2.32,2.22,2.31,2.86,2.29,1.82,3.12,4.56,2.78,1.78,1.17,2.56,3.61,3.36,3.92,2.7,2.7,2.09,0.05,0.23,1.93,2.1,1.94,2.9,3.38,3.24,2.89,3.32,4.38,2.5,1.53,1.55,0.82,0.54,-0.17,-0.38,-1.15,-1.95,-2.26,-2.56,-2.07,-1.92,-1.8,-1.46,-2.26,-2.01,-1.03,-1.25,-1.23,-1.34,-1.26,-1.62,-1.8,-1.72,-1.66,-1.71,-0.99,0.66,1.22,0.61,2.8,3.93
4.68,4.61,3.72,3.08,3.26,3.94,1.79,2.33,3.01,1.73,1.76,1.88,1.41,1.42,1.95,3.04,3.28,2.7,2.97,2.61,2.36,1.73,1.96,1.54,1.9,1.88,1.63,1.82,-1.13,1.69,-0.91,0.75,-1.3,-0.2,2.02,3.67,5.08,2.47,0.8,0.75,0.43,2.14,4.41,2.94,2.98,4.0,3.07,2.55,4.17,2.33,1.71,1.42,1.32,1.59,0.3,0.32,-0.16,-0.68,-0.88,-1.34,-1.18,-1.63,-2.48,-2.53,-2.12,-1.3,-0.98,-0.99,-0.83,-1.18,-1.44,-1.65,-1.27,-0.94,-0.68,-0.53,-0.03,0.66,0.94,1.06,0.71,0.35,1.81
4.84,4.79,4.27,4.36,4.72,4.24,2.83,2.38,2.56,-0.29,1.93,0.22,0.53,1.62,1.99,2.23,2.12,2.41,2.54,2.5,1.9,1.7,0.05,0.26,0.47,0.65,0.2,-0.01,1.32,0.69,0.77,1.66,1.02,-0.71,0.04,3.37,2.77,4.31,3.53,3.45,4.81,3.92,4.6,4.14,4.24,3.73,2.42,4.59,3.21,1.63,1.06,1.45,1.28,1.28,0.35,0.26,-0.49,-0.63,-0.5,-0.44,-0.48,-0.96,-1.29,-1.68,-1.57,-1.16,-1.03,-0.92,-0.99,-1.43,-0.91,0.0,-0.27,-1.06,-0.33,0.2,0.96,1.12,1.06,1.41,1.34,2.2,1.92
4.07,4.38,5.13,4.86,4.71,4.55,4.53,4.0,4.29,3.09,0.66,1.18,1.59,1.68,1.7,1.94,1.99,2.25,2.18,2.04,2.19,1.67,0.73,-0.33,-0.29,0.07,-0.67,-0.45,-0.14,0.53,-1.71,1.29,2.08,1.35,0.71,0.97,0.21,3.94,2.79,4.2,3.42,3.15,3.84,3.59,3.45,3.52,4.16,3.25,2.19,0.97,0.33,0.78,0.99,0.71,0.72,0.16,0.89,-0.17,-0.37,-0.06,0.81,0.14,-0.63,-0.87,-0.09,-0.56,-1.08,-1.14,-0.96,-1.16,-0.12,0.16,-0.51,0.09,0.49,0.54,1.4,1.64,1.2,1.69,1.83,1.77,1.54
4.22,4.88,5.05,5.23,5.01,5.51,5.05,6.05,5.67,5.63,0.1,1.23,1.64,1.86,1.67,1.84,1.96,1.78,2.04,1.82,2.44,1.72,-0.66,-1.97,-1.47,-1.58,-1.67,-0.46,-0.16,0.85,-0.9,2.71,1.63,2.12,-0.01,-1.1,-0.22,0.95,2.86,3.63,3.89,3.34,3.64,4.17,3.81,6.03,3.36,2.49,1.42,0.9,0.08,0.18,0.66,0.27,0.17,-0.06,0.18,0.64,0.76,0.62,0.91,1.11,0.62,0.57,-0.04,0.14,0.07,-0.05,-0.28,0.21,0.42,0.07,1.29,1.3,0.61,0.85,0.69,0.89,1.12,0.67,0.75,1.16,1.78
4.94,5.28,5.32,5.12,5.25,4.9,3.95,5.39,5.77,5.86,2.05,1.67,1.59,1.42,1.5,1.71,1.82,1.99,2.26,2.75,2.04,0.85,0.33,-1.02,-1.61,-2.38,-1.1,0.81,-0.86,-2.39,0.56,3.31,1.54,1.37,0.56,-0.45,2.9,0.56,3.56,4.51,4.29,4.08,4.3,4.48,6.11,2.81,2.41,1.91,1.51,0.93,0.2,-0.21,0.42,0.53,0.4,0.95,-0.47,-0.36,-0.93,-0.31,0.47,0.65,1.0,0.83,0.42,0.42,1.03,0.96,0.78,0.86,1.82,1.92,2.06,1.95,2.06,2.12,1.49,0.56,0.9,0.72,0.73,1.12,1.4
4.99,5.23,5.15,5.81,5.74,5.55,5.13,4.3,5.51,3.9,1.47,1.27,1.16,1.83,2.01,2.23,1.75,1.55,1.78,1.57,1.0,1.04,0.56,0.1,-1.41,-0.38,-1.21,-0.04,-1.13,-0.54,2.91,3.8,3.97,4.15,3.26,2.52,-2.24,0.86,2.05,4.6,5.09,5.23,4.38,6.49,3.89,1.87,1.33,1.57,1.65,0.97,0.49,0.0,0.34,0.88,1.16,-0.25,-0.32,-0.67,-0.71,-1.08,-0.93,-0.37,0.09,-0.08,0.04,0.3,0.67,0.91,1.12,1.37,1.69,1.96,2.43,2.86,2.94,2.49,2.27,1.81,1.51,1.07,0.62,1.08,1.95
4.91,4.75,4.92,5.42,5.48,4.92,4.95,5.7,4.88,2.86,1.05,0.16,0.42,1.59,2.37,2.46,1.78,1.42,1.35,1.3,1.32,0.83,0.79,1.09,0.66,1.46,1.57,-0.12,-0.86,-0.5,4.43,3.84,2.99,1.84,-1.07,3.0,4.67,-0.35,1.69,4.64,5.39,4.53,6.48,4.66,3.81,2.48,1.87,1.12,0.8,0.79,0.57,-0.02,0.23,0.75,0.84,0.11,-0.57,-0.39,-0.42,-0.7,-0.88,-0.78,-0.05,0.33,0.7,0.75,1.25,1.82,2.0,1.67,1.71,1.84,2.05,2.35,2.78,3.06,2.9,2.77,2.32,2.05,1.71,2.16,2.65
6.49,6.46,6.63,6.88,5.94,5.58,4.91,4.76,4.71,6.01,1.86,1.98,2.1,1.8,2.42,2.76,2.36,1.96,1.37,1.33,1.4,1.58,1.28,0.96,1.29,0.42,-0.9,-0.21,-0.02,3.16,-0.45,2.61,-0.48,0.25,1.23,2.21,0.47,0.79,1.8,4.78,5.7,6.75,5.14,4.02,3.88,3.57,2.75,1.7,0.2,0.19,0.46,0.39,0.16,0.42,1.02,-0.13,-0.54,0.03,-0.29,-0.5,-0.66,-0.38,0.33,0.17,0.13,0.49,0.76,0.64,1.49,1.68,1.66,1.73,2.07,2.42,2.51,2.71,2.79,2.41,2.0,1.87,2.28,1.83,2.18
6.37,6.25,6.19,6.2,6.74,6.27,5.96,5.33,4.84,4.57,5.97,1.31,1.61,1.55,2.15,2.17,1.95,1.88,1.78,1.38,1.36,1.32,1.06,0.55,1.16,2.07,1.37,1.56,-1.4,0.63,-1.13,2.77,-0.08,2.34,1.2,0.95,2.82,2.19,2.03,4.43,6.57,5.45,4.7,4.66,4.05,3.83,2.78,1.54,1.64,2.18,1.15,0.37,0.2,0.73,1.37,0.5,0.48,0.02,-0.71,-1.32,-1.39,-0.75,-0.18,-0.35,-0.17,-1.11,0.12,0.89,0.76,0.67,1.19,1.41,2.25,3.19,3.5,3.08,2.96,3.09,3.28,2.57,1.89,1.53,1.7
6.41,6.37,6.34,6.29,6.01,5.89,5.65,5.52,5.18,4.91,4.34,5.37,1.1,0.35,0.78,1.65,1.55,1.61,1.42,1.36,1.31,1.55,2.04,1.52,1.35,1.72,1.96,1.31,4.37,1.44,3.0,3.07,1.85,1.95,1.89,-0.21,1.66,2.1,2.57,5.38,6.1,4.77,4.23,4.45,4.01,3.62,2.33,1.59,0.86,1.1,1.38,1.23,1.08,0.84,0.09,-0.32,0.08,-0.76,-1.27,-0.79,-0.8,-0.05,0.32,0.75,0.98,2.27,1.53,2.32,2.47,2.35,2.67,3.06,3.0,3.27,3.34,3.74,4.0,3.77,3.13,2.58,1.69,1.57,2.15
6.01,6.26,6.19,6.26,6.1,5.57,5.21,5.29,5.35,5.72,5.33,4.26,3.89,1.01,0.26,0.32,1.53,1.44,1.13,1.47,1.37,1.06,1.26,1.59,1.36,1.46,1.13,1.24,-0.82,-1.04,-0.81,0.31,0.77,-0.47,0.02,1.28,0.52,2.07,3.38,4.29,5.08,3.83,3.44,4.16,4.21,3.33,2.89,2.17,1.37,1.88,2.12,2.26,2.26,0.06,0.66,0.69,1.41,1.68,2.08,1.8,0.46,1.05,1.3,2.06,3.26,3.4,3.49,3.51,2.99,3.09,3.57,3.31,3.28,3.23,3.42,3.88,3.7,2.76,2.98,2.44,1.92,1.78,2.05
6.13,5.84,6.03,5.98,5.95,6.1,6.27,6.27,5.69,5.7,5.63,5.31,6.6,0.7,0.37,0.63,1.44,1.92,1.37,1.44,1.37,1.04,0.93,0.85,0.96,1.31,1.11,0.04,-1.66,-0.31,-1.78,1.61,0.14,-0.01,0.82,0.55,0.49,2.51,4.12,2.1,4.61,4.7,3.86,3.35,3.99,3.6,3.03,2.4,2.22,2.25,2.38,1.85,2.09,2.74,1.92,2.0,2.06,2.29,2.77,2.65,1.79,2.24,2.96,2.8,4.05,4.74,4.2,4.19,4.4,3.97,3.82,3.47,2.94,2.94,3.68,4.2,3.61,2.12,2.73,2.94,2.86,2.79,2.67
5.69,6.33,6.26,6.34,6.43,6.6,6.4,6.34,6.25,6.3,5.84,5.29,5.13,2.65,1.04,0.48,1.67,1.9,1.7,1.53,1.98,1.58,1.44,0.89,0.72,0.79,1.2,0.82,-0.3,-0.67,-1.64,1.4,2.96,1.17,0.64,-0.91,1.44,1.88,3.24,2.91,4.7,5.28,3.75,2.91,3.38,3.21,2.64,2.49,2.34,2.3,1.97,2.28,2.82,2.66,2.56,2.85,2.82,2.29,2.79,3.22,4.57,4.93,4.85,4.92,4.29,3.64,4.11,4.03,4.03,4.12,3.83,2.85,3.04,3.5,3.44,3.7,3.57,3.33,3.63,3.39,3.36,3.64,4.06
5.82,6.26,6.43,6.35,6.33,6.35,6.43,6.53,6.62,6.33,5.94,5.26,4.5,4.53,1.28,0.86,1.25,1.51,1.44,1.69,1.86,1.88,1.52,1.52,0.82,0.81,1.26,0.58,1.67,2.56,0.48,-1.11,-1.59,2.31,2.03,1.86,2.89,0.96,1.22,1.83,5.43,5.59,3.51,2.75,2.53,1.91,2.23,2.25,2.35,1.99,2.66,2.38,1.98,2.14,2.47,1.92,1.54,2.99,3.9,4.65,4.39,4.45,4.33,4.66,4.66,4.57,3.65,3.6,3.67,4.0,3.38,3.22,3.14,2.85,3.14,3.36,3.49,3.9,3.78,4.27,4.51,4.47,4.31
6.3,6.55,6.47,6.38,6.46,6.37,6.06,6.13,6.51,6.38,5.91,5.03,3.84,3.65,0.57,0.97,0.98,1.27,1.66,1.52,1.69,2.06,2.01,1.73,1.5,0.46,0.06,2.05,1.88,-0.69,0.42,1.02,0.05,2.43,3.26,2.15,-0.15,0.26,1.99,0.04,5.24,4.51,3.55,2.67,1.59,1.79,1.71,1.37,0.62,0.91,1.67,2.81,2.29,1.33,1.89,2.62,3.3,3.92,4.11,4.11,4.17,4.14,4.2,3.37,3.41,3.41,3.75,2.61,2.52,3.18,3.19,2.75,2.97,3.3,3.43,3.46,3.35,3.06,2.81,2.93,3.09,3.31,3.54
6.26,6.5,6.53,6.82,6.88,6.87,6.27,6.2,6.43,6.57,6.26,5.41,4.44,3.97,-1.16,-0.22,1.41,1.75,1.22,0.87,0.98,1.27,1.26,1.06,0.43,-0.04,1.21,1.16,1.29,1.43,1.34,0.96,0.23,-0.33,4.38,0.52,-0.42,0.25,1.8,1.91,0.37,5.63,4.0,1.58,0.65,0.99,1.36,1.5,1.87,1.94,2.4,2.95,1.88,1.29,2.23,2.64,3.43,3.42,3.52,3.68,4.2,4.44,4.61,4.5,2.89,2.78,3.64,3.33,1.65,2.64,2.85,2.23,2.24,2.3,2.16,2.29,2.54,2.46,2.68,2.75,2.71,2.93,3.22
6.3,6.66,6.98,6.87,6.84,6.89,6.4,6.33,6.29,6.83,6.89,6.17,5.29,3.62,0.67,1.14,0.96,1.5,1.88,1.56,1.9,1.68,1.52,1.36,0.86,0.43,0.43,0.87,0.7,0.89,2.15,0.79,1.68,1.29,0.68,1.58,2.11,1.61,1.79,1.64,1.76,6.35,4.46,0.1,0.2,0.48,1.41,2.21,2.25,3.16,2.37,2.19,1.51,1.02,1.73,2.28,2.49,3.08,3.66,3.97,3.75,4.01,4.43,4.7,3.93,2.84,2.97,3.3,2.78,1.92,2.09,1.98,2.06,2.33,2.18,2.14,2.03,2.13,2.25,2.19,2.41,2.68,3.08
6.01,6.1,6.64,6.83,6.62,6.42,6.38,6.21,6.48,6.5,6.76,6.92,6.26,3.78,0.06,0.73,1.2,1.43,1.1,1.43,1.72,2.65,1.61,0.94,1.09,1.12,0.73,1.08,0.28,0.31,0.95,2.14,1.91,1.48,0.76,0.74,1.08,1.71,1.18,1.23,1.36,6.26,4.53,1.63,-0.49,-0.61,1.91,1.18,-0.78,1.48,2.84,1.51,1.46,1.62,1.52,1.65,2.23,3.15,3.72,3.93,4.17,4.25,4.75,4.99,4.32,3.6,2.93,3.16,2.19,1.34,0.89,0.81,1.15,1.55,1.39,1.53,2.21,2.45,2.11,2.09,2.39,2.75,3.35
5.26,5.27,5.39,5.79,5.95,5.71,5.85,6.1,6.32,6.36,6.82,7.2,6.5,1.51,0.03,0.48,1.18,0.59,1.02,1.08,1.53,2.07,1.6,0.8,0.26,0.34,0.58,0.88,1.91,0.83,1.47,1.36,1.08,0.22,1.15,1.62,1.83,0.6,1.81,1.78,2.25,5.51,4.28,2.14,0.63,1.17,2.25,2.36,0.83,-0.57,4.17,1.06,1.57,1.51,1.82,2.17,2.41,2.95,3.29,3.79,4.2,4.73,5.0,5.52,5.78,5.02,4.24,3.61,2.58,1.67,1.3,0.67,0.92,1.18,0.79,1.38,2.29,2.7,2.57,2.0,1.88,2.2,2.69
4.21,4.43,4.41,4.73,5.14,5.38,5.52,5.88,6.03,6.29,6.9,7.24,7.33,-0.1,1.01,0.89,0.45,0.49,0.58,0.83,0.86,1.17,0.92,0.05,-0.3,0.25,0.07,0.17,1.35,1.35,0.68,-0.79,1.5,0.71,0.05,2.83,1.57,1.1,1.22,1.26,2.43,4.79,4.38,2.29,1.7,1.61,2.28,1.58,-0.07,-0.92,1.16,2.66,1.73,1.66,1.7,2.29,2.88,3.01,3.09,3.6,4.02,4.45,4.79,5.2,5.9,5.49,4.2,2.95,2.4,1.63,0.89,1.07,1.44,0.33,1.41,1.81,1.66,1.9,2.15,1.84,1.35,1.76,2.45
2.99,3.24,3.59,3.99,4.48,4.96,5.0,5.49,5.83,6.6,7.24,7.28,5.81,-0.53,0.09,0.56,0.22,0.43,0.61,0.41,0.47,0.75,0.92,0.68,0.2,-0.06,0.12,0.28,-0.77,-0.84,1.02,1.12,1.56,3.45,1.69,1.54,2.63,0.76,2.13,2.17,2.3,5.78,4.85,2.7,1.72,1.25,0.63,-1.37,0.52,0.43,-0.32,2.06,1.57,1.5,1.74,1.94,2.37,2.77,2.82,3.16,3.62,4.09,4.49,4.78,5.5,5.68,4.92,3.06,2.57,1.25,0.78,1.66,2.05,1.07,1.91,2.22,1.8,1.52,1.6,1.82,1.23,1.19,1.84
2.3,2.6,2.46,3.37,3.75,4.33,4.34,4.85,5.65,6.56,7.31,7.74,4.46,-1.35,-0.34,0.01,0.26,0.47,0.6,0.59,0.95,1.09,1.57,1.54,1.26,0.02,-0.96,-0.33,-0.82,-1.67,-0.09,-1.64,-0.36,1.41,2.47,3.25,2.73,2.14,1.99,2.15,2.99,4.28,5.03,3.72,1.01,-3.99,-0.79,0.05,-0.85,0.63,1.62,0.69,0.81,1.03,1.12,1.55,2.11,1.95,1.89,2.53,3.22,3.56,3.64,3.94,4.76,4.98,4.15,3.31,2.36,0.7,1.05,1.7,1.98,3.3,2.82,2.29,1.83,1.72,1.52,1.52,0.89,0.57,1.58
2.53,2.68,2.81,3.03,3.31,3.46,3.44,4.21,5.38,6.25,7.18,8.0,3.27,-0.03,-0.8,-0.6,-0.35,-0.12,0.22,0.33,0.28,0.27,0.93,1.06,0.99,-0.44,-1.12,-0.86,-2.24,-2.53,-2.54,-0.71,-1.06,0.53,1.45,2.17,1.93,2.45,3.29,4.24,4.31,4.4,5.43,4.63,2.35,-0.95,-0.27,-0.76,-0.02,1.45,-1.09,-0.56,-0.27,0.28,1.18,1.74,1.75,1.07,1.35,2.0,2.6,2.91,2.94,3.19,4.05,4.23,3.9,3.21,2.52,2.07,1.48,1.55,2.83,3.34,3.51,3.57,3.37,2.94,2.15,1.56,0.8,0.87,0.89
2.82,2.93,2.99,2.8,3.33,3.15,2.91,3.58,5.08,5.98,6.88,8.37,7.97,-1.35,-1.83,-0.65,-0.17,1.0,1.06,0.73,1.01,1.57,1.26,0.78,0.32,0.0,0.1,-2.73,-2.33,-1.31,0.08,-0.3,-1.85,0.77,1.37,2.02,1.4,2.83,2.28,3.87,4.57,4.9,5.39,5.37,4.24,0.5,-1.15,-1.94,-0.28,-0.51,-1.77,-1.33,-1.57,-0.66,0.4,0.76,1.23,0.93,1.11,1.28,1.84,2.21,2.7,2.79,3.23,3.51,3.64,2.86,2.07,1.58,1.91,2.53,3.02,3.55,4.05,4.41,4.37,3.9,2.88,1.69,0.89,0.72,1.35
3.08,3.31,3.31,3.1,3.39,3.04,2.83,3.43,4.51,5.52,6.22,6.74,6.89,3.4,-2.14,-1.19,-0.78,0.61,1.35,1.68,1.41,1.01,0.1,0.03,0.73,0.05,-0.99,0.71,-3.89,-2.6,0.08,0.94,1.22,0.13,1.64,0.93,3.32,0.85,2.03,3.6,4.94,5.51,6.12,5.09,6.2,0.67,0.43,-1.91,0.13,-0.59,-2.55,-1.85,-1.83,-1.45,-0.52,-0.04,0.17,0.36,0.21,0.34,0.94,1.45,2.22,2.47,2.55,2.76,2.67,2.12,1.69,1.8,2.37,2.46,2.81,3.35,3.81,4.32,4.32,4.07,3.74,2.67,2.21,1.77,0.62
2.81,3.26,3.55,3.28,3.34,2.88,3.0,3.63,4.41,5.2,5.52,6.26,6.47,6.35,0.1,1.71,0.35,2.12,0.7,1.72,1.55,1.55,1.52,0.89,1.02,0.33,-1.49,-0.74,-1.92,-0.55,-0.71,-0.12,0.49,-0.07,0.16,2.68,0.26,-0.04,0.85,2.93,4.72,5.75,6.56,5.15,3.36,0.82,1.0,0.16,0.75,-1.98,-2.07,-2.19,-2.54,-2.58,-1.09,-0.14,0.14,-1.52,-0.35,-0.58,0.13,0.8,1.5,1.84,1.99,2.29,2.4,2.06,1.61,1.58,1.42,1.94,2.93,3.52,3.68,3.81,4.25,4.03,3.62,2.64,2.23,1.61,1.76
