public/data/wind.json
{"header": { "discipline":0, "disciplineName":"Meteorological products", "gribEdition":2, "gribLength":76514, "center":7, "centerName":"US National Weather Service - NCEP(WMC)", "subcenter":0, "refTime":"2015-05-02T12:00:00.000Z", "significanceOfRT":1, "significanceOfRTName":"Start of forecast", "productStatus":0, "productStatusName":"Operational products", "productType":1, "productTypeName":"Forecast products", "productDefinitionTemplate":0, "productDefinitionTemplateName":"Analysis/forecast at horizontal level/layer at a point in time", "parameterCategory":2, "parameterCategoryName":"Momentum", "parameterNumber":2, "parameterNumberName":"U-component_of_wind", "parameterUnit":"m.s-1", "genProcessType":2, "genProcessTypeName":"Forecast", "forecastTime":0, "surface1Type":103, "surface1TypeName":"Specified height level above ground", "surface1Value":10.0, "surface2Type":255, "surface2TypeName":"Missing", "surface2Value":0.0, "gridDefinitionTemplate":0, "gridDefinitionTemplateName":"Latitude_Longitude", "numberPoints":65160, "shape":6, "shapeName":"Earth spherical with radius of 6,371,229.0 m", "gridUnits":"degrees", "resolution":48, "winds":"true", "scanMode":0, "nx":360, "ny":181, "basicAngle":0, "subDivisions":0, "lo1":0.0, "la1":90.0, "lo2":359.0, "la2":-90.0, "dx":1.0, "dy":1.0 }, "data":
[rows 35 to 69 of 181, columns 0 to 78 of 360]
-5.69,-4.7,-3.19,-1.72,-0.44,0.83,2.46,4.12,4.83,5.96,5.52,5.07,5.6,5.68,8.75,7.64,10.76,12.75,13.59,12.76,11.56,10.88,6.55,5.93,5.75,4.55,3.64,3.34,4.21,4.02,2.57,3.51,3.98,6.1,2.14,1.49,0.72,0.33,0.41,0.48,-0.49,-0.52,-0.69,-0.66,-1.72,-3.76,-4.17,-3.1,-3.67,-5.04,-3.33,-2.86,-4.04,-4.86,-4.12,-3.93,-2.4,-1.89,-3.0,-3.64,-6.68,-6.31,-5.91,-7.84,-6.97,-7.48,-9.0,-8.47,-7.54,-6.07,-4.7,-4.46,-5.3,-4.14,-3.3,-2.65,-1.92,-1.5,-2.0
-6.77,-6.81,-6.18,-5.34,-4.2,-2.78,-1.29,0.23,0.96,4.11,3.94,1.88,2.59,3.51,3.11,4.36,5.7,7.23,6.6,5.27,5.15,4.76,4.57,4.41,3.64,2.91,2.16,2.63,2.55,2.48,1.37,1.54,3.8,3.85,1.34,0.7,-0.08,-0.55,-0.65,-0.41,0.72,0.05,-0.75,-0.18,-0.52,-1.88,-1.98,-1.86,-1.73,-1.4,-2.27,-2.76,-2.77,-2.83,-2.78,-3.39,-4.39,-4.3,-4.61,-5.05,-8.02,-7.99,-8.39,-8.87,-9.1,-8.99,-9.23,-8.83,-8.72,-8.51,-7.74,-7.47,-7.78,-7.2,-6.09,-5.67,-5.33,-4.83,-3.93
-5.93,-6.29,-4.94,-4.11,-3.07,-1.44,0.17,0.27,1.06,1.5,2.13,2.83,3.86,4.86,4.47,3.84,3.6,4.37,4.44,4.61,4.44,4.03,3.85,3.49,3.45,2.83,2.37,1.92,2.02,1.17,0.7,2.11,4.01,1.69,1.18,0.6,0.26,-0.92,-0.78,-0.57,-0.36,-0.94,-0.57,-0.31,-0.41,-1.5,-1.59,-2.19,-0.43,-0.41,-0.57,-1.23,-3.01,-3.62,-3.12,-3.12,-3.88,-2.95,-3.88,-6.46,-7.98,-6.88,-6.93,-7.12,-7.9,-8.43,-8.71,-8.79,-8.79,-8.27,-7.3,-6.74,-5.42,-3.39,-2.15,-0.28,1.21,1.38,2.85
-5.25,-5.11,-6.37,-5.54,-1.02,-0.3,0.92,2.03,1.9,1.89,1.47,2.74,3.85,4.14,3.57,3.28,3.01,3.27,3.37,4.04,4.19,4.08,3.56,3.06,2.65,2.14,0.55,1.72,1.71,0.08,0.34,3.5,2.66,0.88,1.1,0.89,0.52,-0.62,-0.68,-0.77,-1.0,-1.33,-1.79,-1.28,-0.4,-1.55,-1.4,-0.91,-2.33,-5.17,-1.84,-2.16,-3.41,-4.62,-5.14,-6.61,-6.13,-5.38,-5.74,-5.68,-5.95,-5.79,-6.36,-4.83,-4.75,-4.05,-4.68,-2.98,-5.53,-4.17,-5.14,-3.62,-3.63,-3.47,-3.3,-3.49,-2.07,-0.67,0.06
-3.89,-3.34,-3.27,-1.44,-1.47,-0.94,-0.83,0.13,1.56,1.17,1.6,2.27,2.76,3.31,3.19,2.39,2.19,2.62,2.74,2.4,2.57,1.9,1.51,0.95,0.18,0.0,0.35,1.18,-0.61,-1.19,1.03,1.58,-0.54,1.14,1.72,1.39,1.75,0.6,-0.38,-0.57,-0.86,-1.02,-2.36,-2.87,-1.95,-1.77,-3.22,-2.78,-2.47,-5.97,-4.93,-5.25,-5.96,-6.1,-6.9,-6.81,-6.72,-6.79,-7.88,-6.32,-6.64,-6.49,-5.62,-4.77,-3.86,-3.82,-4.87,-5.26,-3.54,-3.57,-2.9,-3.01,-3.33,-4.54,-5.03,-5.07,-4.44,-3.75,-1.98
-2.74,-1.74,-1.51,-1.37,-1.07,-0.71,-0.61,1.24,-0.12,1.32,0.39,0.71,1.03,1.5,1.14,2.3,2.72,0.22,-0.29,-0.78,-0.58,-0.11,-0.54,-0.61,-1.05,-0.33,1.67,1.94,1.92,2.53,1.09,0.74,0.8,1.65,2.75,3.19,3.13,2.55,0.31,-0.09,0.29,0.33,-0.86,-2.08,-3.23,-2.55,-4.33,-3.94,-5.45,-8.02,-8.01,-4.78,-5.85,-6.92,-7.38,-7.9,-8.22,-8.59,-8.67,-7.51,-7.0,-6.49,-5.97,-5.27,-3.38,-3.24,-3.86,-4.82,-3.71,-3.51,-4.26,-3.41,-3.62,-5.85,-5.92,-6.12,-5.88,-4.97,-2.91
-0.44,0.29,-0.03,1.01,1.28,1.3,-0.66,0.07,0.05,0.33,0.97,0.35,0.84,0.53,0.17,0.29,0.08,-0.11,-1.39,-0.95,-1.48,-1.65,-1.26,-1.52,0.76,0.18,2.01,2.91,3.56,3.22,2.41,2.56,2.2,2.6,3.04,2.32,2.96,3.08,2.43,1.36,1.52,1.31,1.74,0.75,-3.63,-0.09,-1.12,-0.68,-4.14,-5.41,-8.44,-9.58,-7.77,-6.59,-5.96,-6.88,-7.88,-8.44,-8.09,-7.5,-6.66,-6.56,-5.73,-4.55,-3.86,-2.84,-2.01,-4.08,-4.17,-4.32,-4.74,-4.26,-3.58,-4.98,-5.51,-6.0,-6.0,-5.94,-4.5
-1.73,-0.36,2.14,3.3,3.29,3.84,2.19,1.67,2.13,2.84,1.68,1.11,2.21,2.76,3.09,3.12,4.02,4.06,4.44,4.51,2.12,-0.47,0.8,1.87,-0.77,1.04,1.76,1.91,4.76,2.84,2.72,2.73,2.45,2.29,3.22,3.0,3.17,2.92,2.82,3.56,4.22,2.99,2.72,3.37,0.32,0.04,2.62,1.87,-3.33,-2.24,-2.4,-3.08,-9.03,-9.85,-8.84,-8.63,-8.61,-9.03,-8.59,-7.0,-6.24,-5.61,-6.24,-5.39,-3.5,-2.56,-3.64,-3.79,-4.14,-4.22,-4.21,-3.08,-4.14,-4.66,-5.38,-6.79,-6.54,-6.65,-5.39
-4.43,-4.23,-2.69,-0.18,1.21,2.64,3.75,3.51,1.56,0.96,0.33,1.16,-0.19,0.13,1.67,0.78,0.09,1.6,4.97,4.41,2.45,2.21,2.57,-1.27,-0.9,2.19,2.33,2.51,4.61,2.98,1.85,1.09,2.79,2.94,4.05,2.69,2.89,3.37,4.38,5.02,4.51,4.66,3.75,4.01,5.01,2.13,3.81,6.63,6.28,3.74,0.07,2.65,5.45,3.33,-10.42,-10.74,-9.34,-9.2,-9.5,-7.35,-5.27,-4.71,-3.65,-5.3,-5.89,-3.81,-3.79,-3.32,-3.05,-3.58,-3.78,-4.18,-3.75,-3.64,-3.16,-0.77,-1.29,-5.13,-5.81
-0.3,-0.06,-0.16,-0.46,-0.97,0.13,2.6,2.18,1.17,1.33,0.94,-1.26,-2.51,-1.53,1.24,3.21,1.63,2.45,4.76,5.42,4.59,4.22,2.73,1.41,1.22,1.19,0.56,1.3,4.96,2.7,-0.34,1.03,0.19,3.32,4.89,-2.13,0.05,0.44,3.96,4.36,3.75,4.64,4.53,4.17,4.6,3.85,4.33,6.09,6.99,6.3,5.59,5.38,7.69,8.91,6.01,-2.37,-11.82,-10.53,-11.57,-8.81,-6.24,-0.23,-4.23,-2.74,-5.65,-6.48,-3.7,-2.44,-1.36,-1.84,-3.12,-3.75,-3.35,-3.24,-2.49,-0.15,-0.83,-1.6,-2.21
2.73,1.19,1.01,3.72,2.78,-1.05,1.8,1.23,-1.51,0.91,0.49,0.06,0.34,-1.34,-1.67,2.71,4.49,4.13,5.08,5.14,5.81,2.62,1.54,3.28,4.1,2.46,1.78,2.49,3.05,-1.64,0.07,0.3,0.11,0.39,3.45,0.96,2.79,2.37,2.94,3.75,5.32,4.92,3.79,2.75,1.75,3.29,3.85,5.63,4.1,6.42,7.13,8.12,8.4,7.23,7.09,5.75,4.53,-6.48,-10.9,-10.4,-10.04,-4.19,-2.02,-0.16,0.57,-2.05,-5.14,-3.46,-0.91,-0.36,-0.51,-0.42,0.24,-4.03,-1.45,0.61,1.51,2.01,3.27
4.49,-1.0,0.69,1.36,-0.92,2.68,3.4,1.52,-0.61,-3.22,-0.78,2.74,4.58,-1.71,-1.74,-1.8,0.24,1.15,2.38,1.93,0.78,-1.27,3.09,3.76,2.46,3.55,4.85,4.37,3.4,0.55,0.44,0.24,-0.28,-0.45,-0.43,0.12,0.08,0.68,0.52,0.77,0.77,-0.38,0.52,-0.32,-0.88,-0.37,1.56,3.3,4.76,6.33,5.79,7.41,6.26,5.27,6.45,6.04,6.34,4.99,0.07,-0.18,-5.29,-2.69,-0.17,1.15,2.83,2.37,0.86,-1.36,-0.83,0.43,-0.29,0.05,1.83,2.89,0.03,-1.48,0.12,-1.47,2.78
1.98,-0.77,-2.72,-4.29,0.1,4.63,9.28,13.29,5.92,9.24,-4.41,0.93,-0.04,3.1,-6.84,-2.77,-3.77,-2.05,0.4,1.28,5.74,2.49,0.34,3.15,1.83,0.42,0.27,2.72,0.53,-0.03,-0.07,-0.1,-0.81,-2.32,-3.42,-2.8,-1.87,-0.8,0.71,1.57,3.04,1.88,1.34,1.77,-0.64,-1.09,0.52,1.8,0.19,3.11,4.9,4.39,6.93,5.88,4.28,6.01,4.63,3.63,2.95,0.92,-0.17,-2.42,-2.2,0.04,1.42,2.31,0.96,0.13,-0.75,-1.12,3.74,3.92,2.16,2.12,1.43,-1.51,1.09,-0.77,-1.99
4.6,5.35,6.83,1.35,0.72,2.81,6.3,8.05,0.9,4.75,-3.34,-1.34,-0.41,-0.81,2.06,-3.69,-3.6,-0.59,-2.47,1.61,1.98,3.6,-3.19,1.71,2.81,0.15,3.7,5.33,4.77,0.41,-0.09,-0.56,-4.52,-4.61,-4.72,-4.33,-5.74,-3.86,-3.3,-2.14,0.21,1.63,3.66,2.12,1.21,0.5,1.68,1.42,-2.14,-0.52,2.27,3.59,4.66,5.86,3.57,4.01,4.37,4.21,5.11,0.64,-0.9,-3.29,-3.38,-3.55,-2.63,-1.31,-1.42,-1.19,-1.06,0.61,2.55,0.73,0.89,-0.26,2.98,4.04,2.37,-1.0,-0.96
1.2,-0.58,2.54,0.35,-2.73,0.17,2.85,3.94,4.5,6.87,7.21,3.06,-0.19,-0.64,0.16,5.23,8.27,3.07,1.58,1.32,2.84,3.99,3.1,1.92,1.04,0.25,3.91,6.6,1.66,3.46,1.18,-0.77,1.51,1.82,2.43,2.47,-1.35,-1.89,-3.26,-1.63,-2.7,-0.08,0.05,-0.89,-0.89,-1.83,-0.97,1.53,2.96,-2.45,-0.36,1.42,3.24,7.01,4.84,4.67,5.29,5.44,5.03,1.48,-2.28,-3.57,-5.13,-4.45,-4.23,-3.27,-3.94,-1.8,-2.75,-0.24,-1.34,-1.05,-0.61,1.33,3.86,1.72,1.24,2.11,0.55
-2.01,-1.16,0.29,-3.16,-2.19,-2.88,-1.17,0.65,1.22,4.69,-5.82,0.96,0.93,1.99,1.69,-2.76,4.99,-5.87,-0.51,-3.62,0.93,3.44,2.42,-2.4,2.63,2.72,4.4,3.79,4.32,4.98,2.93,0.45,1.69,3.49,1.62,3.31,2.95,2.08,1.31,2.68,-0.72,2.13,2.84,2.97,-0.99,1.98,0.26,-3.08,-2.76,-5.03,-4.15,-1.14,0.87,3.65,4.1,5.52,5.46,5.81,4.81,2.52,-3.73,-4.69,-5.15,-4.63,-3.92,-2.91,-2.13,-2.22,-2.33,-3.08,-1.62,-1.73,-0.87,0.21,1.75,3.15,-0.48,1.73,2.95
-4.52,1.0,-0.53,-0.16,-1.84,-2.28,-1.0,0.6,1.76,5.16,6.17,6.35,4.49,5.23,3.59,-0.31,-1.15,3.55,1.8,1.75,-0.52,2.77,5.45,0.99,-1.4,-0.71,2.51,3.79,2.66,2.24,2.96,1.38,0.43,1.45,4.07,4.38,5.69,5.21,2.69,4.89,3.34,4.98,3.74,3.1,3.69,-4.07,1.13,-4.88,-5.1,-3.67,-4.1,-3.26,-0.78,3.03,5.46,5.61,5.74,4.73,3.65,4.14,-1.61,-6.06,-6.09,-5.27,-2.97,-0.57,0.05,-0.91,0.21,-0.2,-1.22,1.18,2.76,1.43,0.03,0.58,1.97,1.71,4.66
-2.17,0.89,2.89,1.45,-0.29,-1.17,-0.69,0.58,1.77,3.87,6.38,5.75,3.61,3.82,-1.4,2.25,2.3,3.44,3.83,3.89,1.65,2.16,4.28,3.26,0.65,0.94,-2.04,1.85,2.63,1.9,1.13,1.66,1.51,-0.1,1.46,2.37,3.06,0.8,2.16,3.63,4.77,0.26,3.29,1.9,1.83,-0.86,3.94,4.52,7.66,-6.79,-6.08,-5.42,-2.15,-0.27,3.78,2.17,3.08,4.23,-1.45,3.77,3.42,-7.41,-8.33,-7.08,-5.21,-2.2,0.92,-4.15,-0.52,0.77,1.7,1.48,2.52,2.58,6.36,4.33,-2.89,-1.12,4.46
0.41,-0.44,-1.71,-2.44,-2.7,-4.75,-0.91,-2.26,-0.58,1.96,1.04,1.23,3.6,3.15,2.49,8.77,6.98,6.49,5.97,6.02,4.58,2.5,5.3,-0.36,3.46,3.52,2.87,1.56,3.02,2.66,0.36,-0.79,1.95,-1.37,3.53,0.98,2.12,5.55,5.51,5.7,4.78,4.55,4.51,2.15,0.7,5.62,5.79,11.47,8.47,-2.15,-1.63,-5.79,-3.0,-1.01,3.57,0.31,0.4,-1.5,-0.13,-0.3,-1.33,-2.82,-6.46,-9.28,-7.27,-6.29,-5.4,-3.1,-1.21,1.06,1.28,1.63,1.8,2.08,1.18,2.7,0.78,-1.76,0.93
0.54,2.1,3.36,2.95,1.03,3.48,5.57,5.79,4.92,4.45,-0.35,-3.12,1.77,3.68,3.74,4.31,4.47,4.75,5.12,5.52,5.5,5.48,7.01,11.17,12.81,10.31,3.07,3.07,4.4,4.6,5.43,4.06,2.2,5.29,5.16,4.06,5.19,8.12,8.23,8.83,9.25,8.5,7.16,6.27,4.11,4.71,8.71,9.67,9.91,11.08,8.29,6.14,5.51,0.12,4.06,2.98,4.61,2.65,4.92,1.84,0.93,-0.7,-4.46,-5.87,-6.74,-3.14,-1.18,1.59,-0.16,-0.09,2.65,2.78,2.31,0.22,-0.65,2.84,1.83,0.18,0.58
5.37,5.92,7.43,7.38,7.22,-0.4,3.15,5.92,8.15,5.95,3.15,1.37,2.26,3.09,3.32,3.33,2.99,3.02,3.79,4.46,4.65,4.79,5.57,6.17,10.56,4.16,5.1,2.57,3.98,5.48,5.12,5.19,5.09,2.03,0.35,1.06,3.38,7.3,7.67,6.65,7.29,6.92,8.37,7.3,6.84,6.68,5.36,10.19,11.1,10.21,9.24,4.97,2.62,5.35,5.77,4.92,3.28,5.48,2.27,4.37,4.76,1.35,1.92,-0.64,1.25,2.25,3.4,2.1,2.29,1.58,0.02,-0.55,0.26,-1.73,-0.14,-0.66,1.38,2.8,2.23
2.74,3.05,4.09,4.58,5.27,2.65,1.08,1.17,1.61,3.23,1.95,1.19,1.67,2.11,2.69,1.43,1.41,1.39,1.97,3.25,3.48,3.38,4.46,4.54,6.21,6.57,6.52,6.27,5.04,5.14,4.75,4.71,4.28,5.53,3.96,2.63,3.28,-1.7,0.74,4.4,5.82,6.6,7.3,6.95,7.76,6.59,6.34,9.38,9.57,8.62,10.55,8.92,2.28,0.47,2.37,1.51,1.53,2.03,2.43,4.02,-0.8,1.76,3.02,1.06,2.3,2.6,3.31,3.08,4.61,1.79,1.65,-1.0,-0.71,2.09,-0.52,0.32,2.66,2.41,3.83
-0.49,-1.02,0.17,1.52,1.04,0.68,-0.29,-0.53,-0.08,0.57,1.37,0.27,-1.1,2.23,-1.07,-2.67,-0.69,-0.3,0.11,0.96,1.27,1.22,2.36,2.75,3.42,4.27,4.85,5.43,4.99,4.49,4.03,3.57,3.79,3.35,2.38,2.83,7.15,6.62,2.86,5.65,7.76,7.31,7.01,4.65,5.34,5.13,5.07,6.69,2.08,1.1,6.72,4.89,8.01,-0.47,-0.21,3.46,2.01,-2.48,2.3,3.64,-0.14,0.91,0.99,2.82,1.75,2.39,2.5,5.31,3.64,4.73,-2.09,-2.32,-1.51,0.96,1.05,0.15,0.9,2.74,5.39
-2.79,-3.48,-3.79,-3.64,-2.34,-2.56,-2.83,-2.77,-2.63,-2.65,-1.82,-3.14,-1.82,-0.22,-0.77,-1.95,-3.12,-2.85,-1.99,-1.02,2.16,4.09,3.81,-2.13,-1.17,1.61,3.69,3.93,3.42,2.81,2.56,3.04,2.9,1.27,0.22,2.99,4.26,5.98,6.37,7.24,7.2,6.22,4.12,2.94,3.63,3.89,3.07,3.15,2.47,0.85,4.19,3.66,4.41,2.71,-2.67,-1.13,0.1,-3.08,0.23,3.77,2.16,-1.33,1.38,2.95,5.68,3.53,3.29,2.8,4.84,1.67,-5.16,-1.9,0.29,1.83,-1.6,1.73,1.21,-1.78,1.85
-5.7,-5.51,-5.61,-5.41,-5.4,-4.94,-4.76,-4.38,-4.14,-4.09,-2.86,-3.7,-4.64,-4.9,-2.11,-1.91,-3.46,-4.88,-4.81,-0.87,3.74,3.64,3.48,3.01,3.31,2.56,2.33,1.48,0.21,1.2,2.72,0.61,-2.2,-1.34,-0.21,1.03,3.58,2.89,3.8,4.08,3.19,1.64,1.99,2.07,1.2,2.01,1.8,0.0,2.46,2.07,5.35,4.27,5.41,0.33,2.81,1.73,-0.44,-2.33,-1.06,1.45,0.12,-0.91,0.19,1.18,0.0,0.98,2.66,4.59,3.82,1.28,-0.99,-1.35,2.02,0.99,1.19,1.43,3.9,5.35,0.89
-6.68,-7.7,-7.6,-6.03,-5.3,-4.94,-4.35,-3.42,-3.92,-4.45,-4.3,-5.8,-5.8,-5.82,-4.22,-4.05,-1.53,-1.94,-1.19,-1.22,1.98,2.08,2.43,2.28,2.79,3.55,3.88,2.36,1.23,0.98,0.6,0.4,-1.3,-1.15,-0.9,-1.03,-0.29,0.61,-1.4,1.02,0.7,0.16,-0.13,1.06,0.37,-0.35,-1.03,0.52,-3.03,1.14,5.12,7.09,8.23,3.75,4.12,3.18,2.35,1.93,-0.49,-1.81,1.28,-4.92,-2.43,-0.36,0.52,1.91,1.04,3.78,1.92,1.39,-0.33,1.47,3.39,2.8,2.34,2.28,3.51,2.92,3.62
-2.94,-5.88,-6.62,-6.66,-6.42,-5.61,-4.71,-3.94,-2.86,-1.73,-1.99,-2.94,-3.75,-3.61,-3.54,-3.27,-4.41,-3.63,-2.28,-0.98,-0.39,1.33,2.26,2.18,2.46,2.39,2.0,1.23,2.21,2.18,0.13,1.22,-0.11,5.18,-0.27,1.26,-2.93,0.53,-1.45,-1.34,-1.43,-1.99,-1.1,-0.29,-0.23,-0.82,-1.0,-1.02,-5.7,-0.77,0.6,4.81,5.02,3.15,2.97,3.19,2.28,-1.3,0.69,0.24,4.51,-4.16,-1.29,-0.61,-1.84,0.41,1.92,-1.08,2.43,0.66,0.6,1.43,1.47,2.9,2.75,2.63,3.68,3.89,4.26
-2.66,-4.26,-4.84,-5.25,-5.48,-5.47,-3.34,-1.38,0.5,1.65,1.63,2.35,0.62,-2.96,-3.68,-2.69,-2.65,-4.23,-3.69,-2.84,-2.13,-1.17,0.46,0.69,0.49,0.81,1.02,0.84,1.45,1.96,1.87,3.21,4.37,1.33,5.57,4.73,6.28,1.52,-0.2,0.1,-0.17,1.83,-2.01,-0.84,-0.77,-1.14,-1.34,-0.98,-4.35,-3.43,-4.6,-0.13,2.15,7.82,5.68,0.4,1.95,0.0,-1.57,2.51,1.24,0.66,-4.91,-1.36,-1.55,0.72,4.11,-1.91,0.43,0.4,2.08,2.14,1.18,2.56,2.97,1.02,0.72,2.34,3.88
-4.71,-5.42,-3.99,-4.71,-5.12,-5.3,-4.02,-1.54,0.68,1.56,3.42,4.72,4.35,0.91,-1.13,-3.79,-4.32,-4.52,-3.84,-3.45,-3.28,-2.85,-1.69,-0.96,-0.89,0.16,-0.35,0.5,-0.34,1.08,1.96,3.55,5.13,5.29,1.06,6.71,10.02,6.72,1.26,5.42,4.34,0.86,0.04,-1.13,-0.17,1.49,2.51,2.68,0.98,0.27,-6.22,-3.89,-0.81,1.84,1.86,1.03,3.36,4.33,0.55,-0.6,1.69,2.59,-3.87,-2.48,-0.26,-0.45,-1.31,-3.61,1.24,1.54,2.32,4.2,2.6,3.3,3.73,3.22,0.7,0.18,1.53
-3.76,-5.1,-3.82,-5.96,-3.77,-4.66,-5.32,-2.49,-0.24,2.09,1.4,1.94,2.32,1.45,0.15,-1.74,-4.97,-5.92,-4.81,-4.05,-3.41,-3.22,-2.12,-2.46,-2.53,-1.63,-0.75,-0.77,-0.41,-0.16,1.68,3.11,4.24,5.18,-3.39,4.3,7.2,7.28,2.99,2.99,4.21,2.08,2.48,2.42,2.87,4.14,4.25,5.09,5.5,5.05,-6.72,0.13,-1.53,0.56,1.11,3.65,3.81,1.2,3.71,3.22,3.68,3.85,4.38,5.69,3.41,1.47,0.96,3.56,-0.93,0.48,3.23,3.54,1.42,3.17,3.96,2.87,1.97,2.62,2.55
-4.73,-6.3,-4.7,-3.5,-3.88,-2.18,1.11,0.14,0.25,0.97,-2.92,-1.1,-1.32,0.11,0.01,-2.47,-4.61,-5.09,-5.18,-4.65,-4.06,-3.55,-2.49,-3.29,-3.59,-3.02,-2.41,-1.92,-1.7,-0.77,0.43,1.72,3.14,3.27,3.17,1.29,5.68,6.03,5.7,1.75,2.91,4.89,1.51,0.88,0.04,0.05,2.24,2.18,2.3,2.8,1.5,-1.82,-2.64,0.02,0.59,3.52,2.27,-1.76,2.35,3.34,4.29,5.39,6.45,7.37,7.9,6.99,5.71,5.34,7.73,1.36,2.74,3.53,2.03,1.49,2.9,3.04,3.47,4.9,4.95
-2.97,-2.34,-1.53,-3.24,-1.42,-1.05,0.75,-1.02,-1.53,-2.46,-2.37,-4.18,-5.55,-4.03,-2.93,-3.38,-4.52,-3.44,-4.2,-4.71,-4.29,-3.75,-3.36,-4.09,-4.08,-3.44,-2.22,-3.09,-2.32,-1.37,-1.47,1.51,1.03,0.22,1.98,-1.45,4.22,4.51,7.84,7.41,2.68,1.5,0.41,-0.27,-2.78,-3.42,-0.29,-1.63,-1.58,-0.19,-0.37,-0.61,-4.25,-1.68,0.39,5.47,6.17,-4.92,-2.21,-0.94,-0.32,2.15,4.05,5.3,5.71,6.42,6.02,6.67,7.44,7.87,5.36,4.67,6.18,1.55,3.01,3.92,3.43,4.42,2.75
-4.42,-2.13,-1.89,-2.74,0.11,-2.2,-4.2,-2.26,-4.03,-3.08,-3.62,-4.93,-5.71,-5.51,-6.67,-7.16,-6.36,-5.56,-4.17,-6.79,-3.77,-4.2,-4.12,-3.98,-2.77,-2.2,-3.8,-3.81,-3.13,-2.89,-1.59,0.02,-1.56,0.59,-1.3,-5.34,-1.1,3.33,5.67,6.5,6.75,0.31,-1.2,-1.61,-3.33,-4.0,-3.31,-3.13,-2.84,-3.22,-3.21,-2.59,-1.13,-0.07,1.48,2.47,4.98,5.55,0.89,-2.08,-3.46,0.88,3.18,4.16,5.22,5.2,4.94,5.52,6.05,7.22,8.67,7.39,4.72,4.11,3.81,4.03,4.78,3.42,2.47
-4.65,-2.34,-1.74,-2.25,-3.71,-4.78,-3.66,-3.25,-3.05,-2.98,-3.79,-4.85,-4.55,-3.77,-5.02,-6.44,-7.83,-7.98,-7.66,-6.94,-4.23,-4.96,-5.35,-4.56,-4.0,-4.08,-5.79,-5.3,-3.92,-3.5,-2.79,-1.95,-2.9,-0.84,-1.88,-4.52,-0.57,3.68,4.75,5.45,7.53,-1.16,-2.44,-1.38,-2.65,-3.13,-4.05,-4.52,-4.06,-3.44,-3.37,-2.52,-1.42,-0.74,0.54,2.83,3.58,5.41,5.61,4.07,1.16,3.35,4.57,3.96,4.54,4.95,5.18,5.35,5.64,6.55,7.75,5.23,-1.6,5.28,4.32,5.24,3.56,3.89,2.56
-2.11,-2.87,-4.18,-4.41,-4.68,-3.0,-2.93,-4.27,-3.07,-4.45,-2.91,-3.42,-3.44,-3.92,-1.71,-1.8,-4.16,-6.54,-7.69,-6.0,-6.29,-6.56,-6.75,-6.06,-6.48,-6.23,-6.51,-5.41,-4.26,-4.17,-4.56,-3.98,-2.71,-2.17,-2.79,-5.6,-4.51,-3.62,-0.63,2.56,2.7,2.32,-2.94,-2.94,-2.95,-3.28,-3.43,-2.89,-2.09,-2.16,-0.95,-0.81,-0.35,-0.79,0.26,1.78,2.57,4.14,4.36,0.59,3.86,4.64,4.01,4.24,4.21,4.58,5.01,5.87,5.26,6.01,7.51,8.28,4.37,3.86,5.94,4.56,4.23,4.67,1.07
