public/data/wind.json
{"header": { "discipline":0, "disciplineName":"Meteorological products", "gribEdition":2, "gribLength":76489, "center":7, "centerName":"US National Weather Service - NCEP(WMC)", "subcenter":0, "refTime":"2015-05-02T12:00:00.000Z", "significanceOfRT":1, "significanceOfRTName":"Start of forecast", "productStatus":0, "productStatusName":"Operational products", "productType":1, "productTypeName":"Forecast products", "productDefinitionTemplate":0, "productDefinitionTemplateName":"Analysis/forecast at horizontal level/layer at a point in time", "parameterCategory":2, "parameterCategoryName":"Momentum", "parameterNumber":3, "parameterNumberName":"V-component_of_wind", "parameterUnit":"m.s-1", "genProcessType":2, "genProcessTypeName":"Forecast", "forecastTime":0, "surface1Type":103, "surface1TypeName":"Specified height level above ground", "surface1Value":10.0, "surface2Type":255, "surface2TypeName":"Missing", "surface2Value":0.0, "gridDefinitionTemplate":0, "gridDefinitionTemplateName":"Latitude_Longitude", "numberPoints":65160, "shape":6, "shapeName":"Earth spherical with radius of 6,371,229.0 m", "gridUnits":"degrees", "resolution":48, "winds":"true", "scanMode":0, "nx":360, "ny":181, "basicAngle":0, "subDivisions":0, "lo1":0.0, "la1":90.0, "lo2":359.0, "la2":-90.0, "dx":1.0, "dy":1.0 }, "data":
[rows 0 to 36 of 181, columns 0 to 82 of 360]
-1.6,-1.61,-1.61,-1.62,-1.62,-1.63,-1.63,-1.63,-1.63,-1.63,-1.63,-1.63,-1.63,-1.63,-1.63,-1.63,-1.63,-1.63,-1.62,-1.62,-1.61,-1.61,-1.6,-1.6,-1.59,-1.59,-1.58,-1.57,-1.56,-1.55,-1.55,-1.54,-1.53,-1.51,-1.5,-1.49,-1.48,-1.47,-1.46,-1.44,-1.43,-1.41,-1.4,-1.39,-1.37,-1.35,-1.34,-1.32,-1.3,-1.29,-1.27,-1.25,-1.23,-1.21,-1.19,-1.17,-1.15,-1.13,-1.11,-1.09,-1.07,-1.05,-1.03,-1.01,-0.98,-0.96,-0.94,-0.91,-0.89,-0.87,-0.84,-0.82,-0.79,-0.77,-0.74,-0.72,-0.69,-0.66,-0.64,-0.61,-0.58,-0.56,-0.53
-1.15,-1.16,-1.18,-1.19,-1.2,-1.22,-1.23,-1.25,-1.27,-1.29,-1.3,-1.31,-1.33,-1.35,-1.36,-1.37,-1.38,-1.39,-1.39,-1.4,-1.4,-1.41,-1.41,-1.41,-1.42,-1.42,-1.42,-1.41,-1.42,-1.41,-1.4,-1.4,-1.39,-1.36,-1.33,-1.3,-1.27,-1.27,-1.28,-1.29,-1.29,-1.29,-1.28,-1.26,-1.25,-1.24,-1.24,-1.24,-1.24,-1.24,-1.24,-1.24,-1.24,-1.24,-1.23,-1.23,-1.23,-1.23,-1.23,-1.22,-1.22,-1.21,-1.21,-1.2,-1.18,-1.17,-1.16,-1.14,-1.13,-1.12,-1.1,-1.08,-1.07,-1.05,-1.03,-1.0,-0.98,-0.97,-0.95,-0.93,-0.91,-0.89,-0.87
-0.95,-0.97,-0.99,-1.01,-1.03,-1.05,-1.08,-1.1,-1.12,-1.13,-1.15,-1.17,-1.19,-1.21,-1.22,-1.24,-1.26,-1.27,-1.29,-1.3,-1.31,-1.33,-1.34,-1.35,-1.36,-1.38,-1.38,-1.39,-1.39,-1.38,-1.38,-1.38,-1.37,-1.35,-1.34,-1.32,-1.3,-1.28,-1.27,-1.27,-1.27,-1.29,-1.28,-1.28,-1.27,-1.26,-1.25,-1.25,-1.24,-1.24,-1.25,-1.25,-1.27,-1.28,-1.3,-1.29,-1.26,-1.24,-1.22,-1.22,-1.22,-1.23,-1.24,-1.24,-1.24,-1.25,-1.26,-1.27,-1.27,-1.28,-1.29,-1.3,-1.31,-1.32,-1.32,-1.32,-1.32,-1.32,-1.32,-1.3,-1.29,-1.27,-1.26
-0.89,-0.93,-0.97,-1.01,-1.05,-1.08,-1.12,-1.16,-1.2,-1.24,-1.26,-1.28,-1.3,-1.32,-1.31,-1.31,-1.32,-1.33,-1.33,-1.34,-1.36,-1.36,-1.35,-1.32,-1.31,-1.32,-1.33,-1.32,-1.3,-1.26,-1.24,-1.23,-1.22,-1.21,-1.18,-1.15,-1.12,-1.09,-1.06,-1.03,-1.0,-0.97,-0.93,-0.91,-0.88,-0.87,-0.86,-0.84,-0.83,-0.82,-0.82,-0.81,-0.82,-0.83,-0.85,-0.87,-0.88,-0.91,-0.94,-0.96,-0.97,-0.99,-1.01,-1.03,-1.05,-1.07,-1.09,-1.12,-1.14,-1.17,-1.2,-1.23,-1.27,-1.3,-1.33,-1.36,-1.39,-1.42,-1.46,-1.48,-1.51,-1.53,-1.56
-1.41,-1.42,-1.45,-1.48,-1.49,-1.5,-1.51,-1.5,-1.5,-1.51,-1.52,-1.51,-1.49,-1.46,-1.45,-1.43,-1.41,-1.39,-1.37,-1.34,-1.29,-1.24,-1.19,-1.15,-1.1,-1.05,-1.0,-0.95,-0.89,-0.85,-0.81,-0.77,-0.74,-0.71,-0.69,-0.66,-0.64,-0.63,-0.61,-0.59,-0.56,-0.53,-0.5,-0.47,-0.44,-0.4,-0.38,-0.35,-0.33,-0.32,-0.31,-0.32,-0.32,-0.34,-0.35,-0.37,-0.4,-0.42,-0.44,-0.46,-0.48,-0.49,-0.51,-0.53,-0.56,-0.59,-0.61,-0.65,-0.68,-0.72,-0.76,-0.8,-0.84,-0.89,-0.94,-0.99,-1.06,-1.12,-1.19,-1.26,-1.33,-1.39,-1.45
-1.62,-1.66,-1.68,-1.73,-1.75,-1.74,-1.75,-1.76,-1.75,-1.74,-1.72,-1.68,-1.64,-1.61,-1.54,-1.44,-1.35,-1.26,-1.17,-1.08,-1.0,-0.92,-0.84,-0.79,-0.75,-0.71,-0.69,-0.68,-0.67,-0.67,-0.67,-0.68,-0.67,-0.67,-0.65,-0.64,-0.61,-0.59,-0.56,-0.54,-0.52,-0.51,-0.5,-0.49,-0.48,-0.48,-0.48,-0.48,-0.48,-0.47,-0.47,-0.47,-0.47,-0.47,-0.47,-0.46,-0.45,-0.45,-0.43,-0.42,-0.4,-0.38,-0.36,-0.34,-0.31,-0.29,-0.27,-0.25,-0.24,-0.24,-0.26,-0.29,-0.34,-0.39,-0.46,-0.54,-0.63,-0.72,-0.82,-0.92,-1.02,-1.12,-1.21
-1.3,-1.24,-1.14,-1.09,-0.98,-0.93,-0.82,-0.76,-0.68,-0.6,-0.53,-0.51,-0.45,-0.39,-0.33,-0.25,-0.18,-0.12,-0.06,-0.01,0.03,0.06,0.08,0.11,0.14,0.16,0.18,0.19,0.21,0.21,0.23,0.23,0.25,0.26,0.25,0.24,0.21,0.16,0.11,0.04,-0.04,-0.11,-0.18,-0.25,-0.31,-0.37,-0.41,-0.44,-0.47,-0.49,-0.51,-0.52,-0.52,-0.52,-0.51,-0.5,-0.48,-0.46,-0.43,-0.42,-0.4,-0.39,-0.38,-0.37,-0.38,-0.37,-0.38,-0.37,-0.36,-0.35,-0.34,-0.33,-0.31,-0.3,-0.29,-0.29,-0.3,-0.33,-0.35,-0.39,-0.43,-0.48,-0.53
-1.38,-1.44,-1.46,-1.45,-1.43,-1.38,-1.33,-1.27,-1.21,-1.14,-1.05,-0.95,-0.83,-0.71,-0.6,-0.48,-0.37,-0.28,-0.18,-0.11,-0.04,0.01,0.06,0.09,0.12,0.14,0.15,0.16,0.16,0.17,0.18,0.18,0.18,0.17,0.15,0.13,0.1,0.06,0.03,-0.02,-0.08,-0.14,-0.2,-0.25,-0.29,-0.3,-0.28,-0.23,-0.15,-0.05,0.09,0.23,0.37,0.51,0.6,0.67,0.71,0.73,0.73,0.73,0.71,0.66,0.59,0.47,0.33,0.17,0.0,-0.15,-0.26,-0.34,-0.36,-0.35,-0.32,-0.26,-0.21,-0.17,-0.15,-0.15,-0.17,-0.18,-0.2,-0.21,-0.22
-2.07,-2.06,-2.03,-1.99,-1.95,-1.9,-1.86,-1.8,-1.71,-1.6,-1.47,-1.34,-1.22,-1.11,-1.01,-0.91,-0.81,-0.69,-0.57,-0.46,-0.38,-0.34,-0.35,-0.36,-0.36,-0.32,-0.25,-0.14,-0.03,0.08,0.18,0.26,0.34,0.4,0.42,0.35,0.19,-0.04,-0.29,-0.53,-0.7,-0.78,-0.72,-0.51,-0.23,0.0,0.02,-0.13,-0.4,-0.7,-0.94,-0.94,-0.65,-0.28,0.06,0.25,0.33,0.37,0.4,0.42,0.42,0.45,0.47,0.52,0.44,0.3,0.15,-0.03,-0.2,-0.34,-0.42,-0.44,-0.43,-0.4,-0.38,-0.38,-0.39,-0.4,-0.42,-0.42,-0.4,-0.35,-0.28
-2.85,-2.91,-2.93,-2.97,-3.04,-3.1,-3.1,-3.05,-2.99,-2.98,-3.04,-3.15,-3.2,-3.13,-2.88,-2.41,-1.75,-0.99,-0.22,0.5,1.11,1.59,1.91,2.11,2.22,2.29,2.29,2.23,2.0,1.69,1.38,1.09,0.74,0.25,-0.22,-0.5,-0.58,-0.3,0.14,0.52,0.69,0.55,0.1,-0.34,-0.83,-1.08,-1.12,-1.05,-0.95,-0.84,-0.63,-0.38,0.0,0.52,0.98,0.93,0.54,-0.15,-0.73,-1.01,-1.03,-0.62,-0.06,0.5,0.83,0.87,0.66,0.49,0.46,0.45,0.43,0.41,0.38,0.34,0.28,0.2,0.11,0.04,-0.02,-0.08,-0.19,-0.29,-0.31
-4.88,-5.05,-5.14,-5.15,-5.32,-5.52,-5.72,-6.08,-6.38,-6.25,-5.44,-4.09,-2.81,-1.97,-1.24,0.13,2.03,4.1,4.04,2.77,2.35,2.06,1.9,2.29,2.75,3.01,2.87,2.33,1.76,1.18,0.84,0.65,0.39,0.01,-0.33,-0.48,-0.48,-0.51,-0.64,-0.72,-0.55,-0.01,0.71,1.35,1.66,1.62,1.24,0.71,0.18,-0.22,-0.45,-0.63,-0.92,-1.07,-1.19,-1.28,-1.41,-1.47,-1.22,-0.86,-0.68,-0.67,-0.63,-0.47,-0.17,0.25,0.75,1.18,1.45,1.59,1.61,1.57,1.51,1.38,1.21,1.0,0.76,0.51,0.28,0.07,-0.1,-0.24,-0.34
-6.19,-6.24,-6.49,-6.82,-6.97,-6.83,-6.61,-6.42,-5.81,-4.05,-1.36,0.47,0.51,-0.13,-0.25,0.05,0.49,0.79,0.99,1.07,1.36,1.11,0.63,0.09,-0.55,-0.95,-0.81,-0.24,0.23,0.31,0.0,-0.57,-1.23,-1.67,-1.76,-1.68,-1.74,-2.04,-2.41,-2.49,-1.77,0.47,3.47,5.18,4.85,3.14,1.59,0.68,0.08,-0.5,-1.01,-1.35,-1.66,-1.99,-2.27,-2.5,-2.62,-2.51,-2.42,-2.27,-1.88,-1.16,-0.26,0.58,1.18,1.42,1.56,1.65,1.84,1.99,2.0,1.92,1.74,1.61,1.51,1.39,1.22,1.02,0.81,0.58,0.35,0.14,-0.04
-6.68,-6.43,-6.12,-5.91,-6.07,-6.66,-6.98,-5.42,-1.33,2.57,3.13,0.89,-1.67,-2.9,-2.08,-0.89,-0.05,0.3,0.16,-0.15,-0.39,-0.29,0.01,-0.28,-1.31,-1.77,-1.03,0.28,0.92,0.62,-0.1,-0.75,-1.12,-1.27,-1.35,-1.44,-1.51,-1.42,-1.1,-0.6,0.05,1.17,2.77,3.99,4.03,3.35,1.94,0.58,-0.51,-1.44,-2.29,-2.88,-3.05,-3.08,-3.19,-3.65,-4.69,-4.74,-2.78,0.9,3.41,3.74,2.87,2.18,1.87,1.57,1.43,1.44,1.58,1.75,1.79,1.68,1.48,1.23,1.06,0.93,0.8,0.67,0.51,0.29,0.08,-0.07,-0.18
-5.99,-6.47,-6.9,-6.92,-6.58,-6.31,-6.36,-6.55,-6.43,-5.57,-4.09,-2.34,-0.35,1.76,2.53,1.03,-0.56,-0.21,0.58,0.51,-0.16,-0.57,-0.99,-1.96,-2.97,-3.08,-1.82,0.08,1.48,1.84,1.48,0.6,-0.47,-1.21,-1.46,-1.44,-1.27,-0.98,-0.63,-0.36,-0.16,0.09,0.7,1.72,2.52,2.55,1.9,1.04,0.2,-0.52,-1.11,-1.62,-2.07,-2.48,-2.97,-3.48,-3.68,-3.06,-1.65,-0.56,-0.6,-0.87,-0.43,0.25,0.4,0.27,0.82,1.93,2.74,2.5,1.61,1.11,0.94,0.82,0.68,0.64,0.6,0.49,0.32,0.15,0.01,-0.12,-0.26
-6.75,-5.14,-4.81,-5.71,-6.27,-5.91,-4.75,-3.0,-1.09,0.43,1.29,1.64,1.59,1.67,3.58,7.05,8.18,6.07,3.32,1.09,-0.8,-2.1,-3.09,-4.01,-4.65,-4.12,-5.88,-9.86,-8.31,-0.51,2.76,0.94,0.56,1.21,1.26,1.06,0.92,0.89,1.08,1.46,1.8,1.98,1.95,1.71,1.47,1.47,1.8,2.09,1.96,1.46,1.06,1.01,1.11,1.02,0.54,-0.11,-0.33,0.14,0.75,0.79,0.56,0.09,-1.03,-2.15,-1.29,1.85,3.35,2.27,0.55,-0.67,-1.11,-1.04,-0.79,-0.58,-0.51,-0.55,-0.57,-0.6,-0.69,-0.71,-0.6,-0.5,-0.61
-3.14,-2.82,-2.28,-1.81,-1.6,-1.74,-2.04,-2.3,-2.8,-3.08,-1.72,1.04,3.22,3.74,3.12,2.37,1.67,0.58,-0.71,-1.78,-2.7,-3.62,-4.81,-6.3,-7.55,-8.67,-10.4,-11.12,-7.89,-1.54,5.44,10.29,10.31,7.68,5.9,4.38,2.66,1.28,0.5,0.22,0.19,0.38,0.68,1.06,1.47,1.8,2.0,2.06,2.08,2.18,2.4,2.41,1.99,1.73,2.68,4.14,3.49,1.15,-0.25,0.01,0.98,2.04,2.47,2.5,2.06,0.91,-0.63,-1.99,-2.93,-3.32,-3.36,-3.25,-2.9,-2.57,-2.38,-2.28,-2.17,-2.0,-1.72,-1.39,-1.16,-1.14,-1.2
-1.92,-2.28,-3.07,-4.12,-5.0,-5.33,-5.67,-6.7,-6.06,-2.23,0.49,-0.08,-0.51,0.07,-0.01,-0.29,-0.07,-0.2,-0.98,-1.86,-2.64,-3.37,-4.24,-5.25,-6.01,-6.43,-6.84,-7.21,-6.5,-5.25,-4.07,1.71,7.69,6.23,3.47,2.07,0.66,-0.4,-1.13,-1.39,-1.04,-0.34,0.39,0.98,1.57,2.27,2.99,3.68,4.29,4.75,4.97,4.83,4.32,3.5,2.45,1.4,1.67,2.74,3.14,2.77,2.03,1.54,1.3,1.02,0.15,-1.15,-2.43,-3.58,-4.81,-5.3,-5.6,-5.83,-5.67,-5.09,-4.55,-4.33,-4.0,-3.42,-2.92,-2.52,-2.03,-1.42,-1.03
-2.69,-3.62,-4.5,-5.16,-5.67,-6.27,-6.81,-6.03,-4.11,-3.21,-3.68,-4.1,-3.81,-2.26,-0.79,-0.5,-0.39,-0.35,-0.71,-1.07,-1.17,-1.06,-1.13,-1.77,-2.89,-4.3,-5.73,-6.98,-7.55,-7.18,-6.66,-4.98,-1.38,-0.34,-2.21,-3.82,-5.32,-6.48,-6.82,-6.2,-4.39,-1.99,-0.16,0.84,1.45,2.03,2.88,4.27,5.95,7.2,7.44,6.94,5.49,3.32,2.03,2.83,3.65,3.97,3.83,3.55,2.88,1.95,1.19,0.25,-0.9,-2.1,-3.67,-5.31,-6.48,-6.95,-6.85,-7.34,-7.66,-7.55,-6.97,-6.74,-6.14,-5.28,-4.4,-3.28,-2.59,-1.82,-1.8
-2.25,-2.66,-3.43,-4.22,-4.69,-4.58,-4.26,-4.09,-4.2,-4.67,-5.21,-5.1,-3.86,-2.3,-1.45,-0.73,0.18,0.56,0.4,0.14,-0.15,-0.57,-1.12,-1.89,-2.88,-3.93,-4.88,-5.5,-5.82,-5.97,-6.0,-6.14,-5.99,-6.08,-6.88,-7.58,-7.61,-6.59,-3.82,0.11,2.88,3.75,4.26,5.23,6.05,6.29,6.11,5.76,5.38,6.4,8.47,9.13,8.37,7.73,5.86,4.54,4.67,4.76,4.54,4.27,3.78,2.58,1.47,0.28,-0.89,-2.54,-4.68,-7.29,-8.07,-6.7,-6.85,-7.59,-8.03,-9.14,-9.09,-7.72,-7.63,-6.69,-5.53,-4.16,-3.69,-3.54,-3.46
0.99,-1.03,-2.75,-3.99,-4.72,-5.04,-5.33,-5.75,-6.31,-6.9,-7.1,-6.67,-5.51,-3.82,-2.29,-1.33,-0.81,-0.71,-0.99,-1.44,-1.71,-1.38,-0.75,-0.55,-1.31,-2.32,-2.99,-3.73,-3.6,-4.53,-5.02,-5.72,-6.25,-6.12,-5.93,-5.7,-4.94,-3.61,-2.0,-0.3,1.77,4.05,5.49,5.77,5.54,5.22,5.07,5.16,5.53,5.82,5.81,5.73,5.8,5.63,5.8,6.12,5.98,5.72,4.85,4.22,4.1,3.64,2.24,0.31,-1.32,-2.82,-4.45,-4.84,-5.37,-6.16,-7.04,-7.89,-8.49,-10.09,-8.98,-8.13,-8.13,-7.9,-8.06,-7.13,-6.57,-5.78,-5.13
-0.04,-1.8,-3.65,-5.36,-6.73,-7.82,-8.52,-8.7,-8.91,-9.85,-9.85,-7.15,-3.4,-1.48,-1.41,-1.5,-1.08,-0.77,-0.52,0.01,0.15,0.24,0.48,-1.31,-2.19,-2.01,-2.12,-3.25,-3.59,-3.95,-5.69,-6.48,-5.79,-5.77,-5.76,-4.84,-3.54,-2.08,-0.8,0.39,1.73,2.98,3.94,4.54,4.8,4.81,4.74,4.97,5.57,5.37,4.62,4.74,5.14,5.12,5.09,5.18,5.22,5.66,5.89,4.89,4.0,3.13,1.78,0.76,-0.54,-2.03,-3.36,-4.11,-5.07,-6.12,-6.75,-8.3,-8.37,-10.29,-9.52,-9.08,-9.06,-9.17,-9.12,-8.96,-8.01,-5.52,-3.85
-3.13,-4.81,-6.47,-7.99,-9.18,-10.17,-11.33,-12.39,-10.69,-3.33,3.27,4.16,4.14,4.03,2.48,-0.14,-0.51,-0.04,-0.54,-0.38,1.06,1.13,-1.01,-2.11,-2.09,-2.56,-2.81,-2.91,-3.12,-2.79,-2.47,-2.62,-2.1,-1.98,-2.06,-1.94,-1.74,-1.66,-0.66,1.0,2.96,4.61,5.29,5.33,4.2,2.9,4.08,5.99,6.69,5.33,5.71,6.14,5.82,5.75,5.17,5.23,4.32,3.55,3.2,2.55,2.68,2.94,2.86,1.83,0.38,-0.86,-1.99,-3.82,-5.28,-5.37,-6.35,-6.87,-7.45,-9.96,-10.84,-10.31,-10.22,-9.59,-8.52,-7.63,-6.62,-5.2,-4.39
-5.15,-7.03,-9.1,-10.48,-11.49,-12.41,-12.53,-9.0,-1.73,2.65,5.94,9.01,8.98,6.0,2.09,-0.16,-1.45,-1.38,-0.43,0.4,-0.78,-2.23,-2.88,-3.01,-3.08,-3.31,-3.46,-3.48,-2.98,-2.25,-1.47,-0.89,-0.85,-1.37,-0.43,0.96,1.3,0.85,-0.02,0.45,2.82,5.17,6.74,6.89,5.74,5.33,6.61,8.55,7.31,6.38,7.26,6.51,6.06,5.95,6.17,5.34,4.82,4.75,4.53,3.97,3.48,2.76,1.55,1.21,0.76,0.48,-0.59,-2.98,-4.63,-5.9,-6.25,-7.51,-7.88,-7.77,-9.86,-9.73,-9.03,-8.97,-8.47,-7.02,-6.21,-5.17,-4.1
-5.09,-7.27,-9.22,-9.85,-10.48,-11.08,-8.96,-2.83,0.08,0.13,1.12,7.17,11.52,6.49,-0.35,-0.61,-0.33,0.49,0.09,-1.78,-2.68,-3.44,-3.41,-3.26,-3.43,-3.22,-2.69,-2.0,-1.16,-0.42,-0.05,-0.32,-0.76,-0.91,-0.92,-0.36,-0.31,0.29,1.22,1.72,2.23,3.41,5.47,5.29,3.65,2.69,4.69,5.44,4.13,4.39,4.09,4.15,3.82,5.01,6.54,5.87,5.62,5.53,4.51,3.68,3.12,2.48,2.02,1.73,1.38,-1.76,-1.47,0.68,0.6,-1.26,-3.15,-4.43,-5.7,-7.55,-6.66,-6.54,-6.95,-7.04,-6.48,-6.26,-5.67,-5.11,-4.66
-5.29,-7.03,-7.49,-8.31,-9.23,-9.3,-6.59,-1.83,-0.92,-2.07,1.99,9.07,10.0,3.24,0.69,-0.57,-1.18,-1.84,-2.43,-3.26,-3.73,-3.72,-3.71,-3.85,-3.59,-3.03,-1.62,-0.65,-1.04,-1.38,-1.62,-1.8,-0.91,-0.76,0.23,2.27,1.81,0.39,-0.32,-0.01,1.0,1.65,1.0,2.66,4.41,3.87,3.75,3.89,4.18,3.11,3.46,3.85,3.84,4.81,5.52,5.08,4.83,4.61,3.64,3.01,2.36,2.07,1.7,-1.04,-0.16,0.27,0.16,0.07,-0.09,-0.33,-1.0,-2.11,-3.37,-4.75,-5.43,-5.61,-5.94,-6.06,-5.52,-5.19,-5.11,-4.92,-3.98
-3.62,-5.22,-6.33,-7.04,-7.21,-7.17,-6.09,-2.84,0.46,3.09,5.3,6.3,2.12,0.42,0.28,-1.04,-1.76,-2.7,-2.91,-3.32,-3.69,-3.93,-6.57,-7.27,-6.41,-2.37,-0.45,-0.67,-0.85,-0.9,-0.69,-0.57,-0.74,-0.76,-0.11,1.28,2.65,2.62,3.38,6.16,6.67,4.7,3.89,5.02,5.12,3.97,3.88,4.4,4.31,4.34,4.37,4.26,4.08,4.29,4.4,4.39,4.09,4.03,4.24,4.42,1.51,1.22,2.65,2.74,2.64,1.65,0.78,0.57,-0.01,-0.59,-1.54,-2.07,-2.49,-3.55,-4.17,-5.15,-5.43,-5.15,-5.23,-5.08,-4.65,-4.07,-3.28
-2.42,-3.81,-4.94,-5.49,-5.18,-4.45,-3.72,-2.87,-1.08,1.45,1.55,0.3,-0.46,-1.66,-2.96,-4.47,-4.01,-3.6,-3.98,-4.17,-4.2,-6.28,-9.19,-6.78,-2.07,-1.09,-1.15,-1.23,-0.01,0.45,-0.04,-0.69,-0.08,1.16,1.43,2.58,3.76,6.54,6.43,5.56,5.43,5.46,5.25,5.45,4.94,5.35,5.1,4.31,4.99,5.28,4.78,4.43,4.4,4.66,4.82,4.46,3.92,2.94,3.0,1.91,1.13,2.23,2.08,2.0,1.49,0.82,0.66,0.38,0.15,0.13,-0.63,-1.0,-1.99,-2.65,-3.9,-3.84,-3.96,-4.88,-4.82,-4.46,-4.12,-3.73,-3.3
-2.69,-3.98,-4.83,-5.05,-5.0,-4.58,-2.92,-1.28,-1.26,-1.16,-1.61,-1.89,-2.07,-3.32,-5.32,-4.53,-4.14,-4.42,-4.46,-6.62,-6.6,-9.26,-4.81,-2.2,-1.21,-1.81,-1.71,-0.3,0.32,0.82,1.71,2.24,2.57,2.76,3.18,4.08,4.47,5.67,6.43,5.36,5.04,4.99,3.67,5.02,5.44,5.17,4.47,4.85,5.27,4.82,4.96,4.89,4.41,4.74,4.63,3.91,3.66,3.26,2.97,2.4,2.23,2.28,2.43,1.9,1.15,1.06,0.85,0.65,0.32,0.16,-0.44,-0.7,-0.8,-1.27,-1.92,-2.68,-3.37,-3.4,-3.25,-3.55,-3.96,-3.59,-2.81
-3.68,-4.98,-5.8,-6.25,-6.17,-6.59,-2.73,-2.55,-2.03,-0.74,-0.85,-3.58,-4.05,-3.84,-5.54,-4.88,-4.45,-4.25,-8.61,-10.74,-9.93,-7.72,-3.47,-3.34,-3.45,-2.29,-1.28,0.22,1.29,2.12,3.22,3.98,3.03,3.19,3.11,5.27,3.99,4.18,4.97,4.29,4.78,3.45,4.58,5.02,4.9,4.09,4.04,4.44,4.26,3.93,4.2,4.35,4.28,4.13,3.7,3.43,3.03,2.93,2.91,2.18,2.86,2.96,2.85,2.12,1.45,1.5,1.24,1.03,0.73,0.23,-0.02,-0.88,-1.79,-3.14,-2.5,-1.8,-1.8,-2.05,-2.53,-2.69,-2.76,-2.44,-2.18
-4.58,-5.74,-6.99,-8.16,-10.09,-6.7,-0.87,-1.34,-0.31,-0.19,-1.92,-3.16,-3.15,-3.79,-4.27,-4.21,-4.36,-4.77,-11.74,-10.15,-7.97,-6.87,-3.68,-3.96,-2.65,-1.99,-1.53,-0.59,1.1,1.65,2.34,5.64,5.28,2.87,3.27,3.27,4.29,3.4,3.25,3.89,3.03,3.67,3.32,4.55,4.2,3.83,3.8,3.86,3.85,3.81,3.65,3.98,4.07,4.1,3.66,6.2,6.02,3.33,2.46,1.76,2.93,3.1,2.62,2.06,1.6,1.08,0.77,0.08,-0.66,-0.81,-0.98,-1.38,-1.76,-1.7,-2.42,-3.27,-2.87,-3.05,-2.59,-2.57,-2.15,-2.19,-2.07
-4.37,-6.14,-7.65,-8.59,-9.41,-5.55,-0.19,0.56,-0.16,-1.9,-3.0,-2.98,-3.21,-3.6,-4.85,-4.84,-5.15,-5.83,-7.8,-7.06,-4.54,-4.97,0.42,1.59,1.01,3.04,5.56,7.16,7.28,5.04,4.12,3.71,4.76,3.81,4.09,4.32,3.38,3.26,2.91,3.08,3.11,3.67,2.73,4.02,4.0,3.84,3.41,3.35,2.96,2.9,3.09,2.99,2.88,3.0,2.95,4.0,4.74,2.85,2.33,1.96,2.41,1.89,1.78,1.77,1.42,0.59,-0.14,-0.51,-0.58,-0.82,-0.89,-1.21,-1.37,-1.83,-2.26,-2.53,-2.84,-3.23,-3.33,-2.56,-2.98,-2.44,-1.92
-3.73,-5.66,-6.68,-7.11,-7.37,-5.76,-0.95,0.25,0.05,1.3,0.04,-2.94,-3.07,-4.01,-4.05,-2.65,-4.01,-5.59,-6.8,-8.31,-3.97,0.31,1.48,2.34,3.75,4.0,3.55,3.72,3.38,3.22,3.86,3.12,5.14,5.5,5.35,4.82,4.63,3.61,4.73,3.66,4.13,3.85,3.43,3.69,3.23,5.89,3.22,2.48,2.23,3.54,2.59,1.98,3.42,2.59,1.8,1.62,1.58,1.71,1.77,1.1,0.78,1.14,1.24,1.09,1.04,0.91,0.23,-0.71,-1.19,-1.27,-1.55,-1.64,-1.59,-1.88,-2.33,-2.43,-2.5,-2.38,-2.32,-2.07,-2.4,-2.54,-2.95
-2.56,-4.31,-5.2,-5.8,-6.38,-6.43,-5.02,2.32,2.8,0.89,-2.42,-3.79,-2.27,-4.23,-3.91,-2.04,-2.5,-5.58,-6.93,-6.77,-4.2,1.74,2.78,3.95,6.56,4.45,4.29,3.67,4.99,4.02,3.79,3.69,3.59,4.96,5.14,4.96,4.46,4.02,3.77,4.86,4.53,6.17,4.37,4.41,3.27,3.96,2.58,1.81,1.71,2.62,2.33,1.5,1.64,1.73,1.02,1.24,1.43,1.44,1.42,1.39,1.44,1.17,0.77,0.68,0.53,-0.08,-0.77,-1.48,-2.0,-1.93,-1.95,-2.14,-2.56,-2.92,-2.9,-2.85,-2.62,-2.58,-2.52,-2.38,-2.47,-3.0,-3.62
-1.05,-1.91,-3.36,-4.68,-5.55,-6.2,-6.76,-5.28,-2.91,-1.73,-0.39,0.11,-1.98,-2.6,-4.25,-3.68,-3.69,-4.73,-7.34,-3.1,-3.08,0.9,5.04,5.85,7.37,5.95,7.17,5.31,2.98,2.4,2.25,2.63,3.51,4.59,4.28,3.76,4.97,4.83,5.14,4.52,3.34,4.44,3.47,4.55,4.33,2.46,2.07,2.24,1.69,1.6,1.73,1.45,1.38,1.22,1.12,1.23,1.53,1.91,2.22,2.06,1.69,1.32,0.71,0.18,-0.27,-1.03,-1.5,-1.77,-1.96,-2.19,-2.18,-2.3,-2.28,-2.39,-2.66,-2.94,-2.94,-2.91,-3.02,-3.13,-3.36,-3.37,-3.43
0.52,-0.63,-1.33,-2.22,-3.54,-4.84,-5.44,-4.87,-2.95,-0.42,0.73,2.88,-1.28,-1.88,-2.14,-2.92,-2.39,-3.65,-4.22,-1.82,0.65,2.82,4.49,5.12,5.04,4.9,3.31,2.23,1.89,1.08,1.28,2.41,4.83,3.73,4.66,4.0,4.54,4.62,4.09,3.52,3.45,3.82,4.55,2.56,2.74,3.17,1.79,1.96,2.06,1.74,1.2,0.7,0.15,-0.1,0.32,0.32,0.7,1.52,1.95,1.65,1.54,0.42,0.42,-0.16,-0.35,-0.55,-1.43,-1.69,-2.56,-2.4,-2.28,-2.52,-3.4,-3.75,-3.48,-3.31,-3.3,-3.38,-3.85,-4.53,-4.01,-4.04,-4.19
2.57,0.94,-0.43,-1.28,-2.04,-3.07,-3.74,-3.53,-2.88,-1.45,-0.25,1.48,0.18,2.49,2.38,0.4,2.31,3.03,2.52,2.12,3.69,3.52,1.97,2.24,2.61,2.43,2.37,1.96,1.49,0.46,1.74,3.56,4.52,3.12,3.96,3.35,3.64,3.22,3.05,3.16,3.28,2.91,3.07,2.56,2.14,4.04,3.53,1.8,1.43,2.11,1.9,1.02,1.85,2.05,2.12,2.45,3.34,2.98,2.47,2.1,0.43,-0.79,-1.38,-1.49,-1.55,-2.47,-2.59,-3.28,-3.87,-3.73,-3.32,-3.78,-5.69,-4.9,-4.35,-4.1,-4.42,-5.05,-6.98,-6.88,-5.38,-5.15,-7.02
2.3,1.21,0.1,-0.79,-1.66,-2.52,-2.97,-3.43,-3.51,-2.75,-0.87,-1.96,-2.98,-1.54,-1.36,-1.35,-2.03,-2.64,-1.34,0.25,1.2,1.01,0.19,0.06,-0.27,0.76,0.41,-0.13,0.54,0.96,2.33,3.25,1.97,2.7,4.27,3.68,3.3,2.92,3.08,3.65,3.72,4.66,3.43,2.66,3.27,3.18,2.96,2.93,3.21,4.13,3.95,3.89,3.68,2.41,1.86,3.33,3.19,3.29,1.27,-0.08,-0.06,-0.96,-1.96,-2.62,-3.11,-3.05,-3.12,-3.31,-3.28,-3.55,-4.32,-6.25,-6.4,-5.69,-5.13,-6.4,-6.86,-8.28,-9.9,-9.95,-9.34,-9.12,-8.02
