data/wind.json
{"header": { "discipline":0, "disciplineName":"Meteorological products", "gribEdition":2, "gribLength":79505, "center":7, "centerName":"US National Weather Service - NCEP(WMC)", "subcenter":0, "refTime":"2015-04-22T00:00:00.000Z", "significanceOfRT":0, "significanceOfRTName":"Analysis", "productStatus":0, "productStatusName":"Operational products", "productType":0, "productTypeName":"Analysis products", "productDefinitionTemplate":0, "productDefinitionTemplateName":"Analysis/forecast at horizontal level/layer at a point in time", "parameterCategory":2, "parameterCategoryName":"Momentum", "parameterNumber":3, "parameterNumberName":"V-component_of_wind", "parameterUnit":"m.s-1", "genProcessType":0, "genProcessTypeName":"Analysis", "forecastTime":0, "surface1Type":103, "surface1TypeName":"Specified height level above ground", "surface1Value":100.0, "surface2Type":255, "surface2TypeName":"Missing", "surface2Value":0.0, "gridDefinitionTemplate":0, "gridDefinitionTemplateName":"Latitude_Longitude", "numberPoints":65160, "shape":6, "shapeName":"Earth spherical with radius of 6,371,229.0 m", "gridUnits":"degrees", "resolution":48, "winds":"true", "scanMode":0, "nx":360, "ny":181, "basicAngle":0, "subDivisions":0, "lo1":0.0, "la1":90.0, "lo2":359.0, "la2":-90.0, "dx":1.0, "dy":1.0 }, "data":
[rows 111 to 147 of 181, columns 83 to 165 of 360]
-1.0,-0.47,-0.72,-0.29,0.15,1.05,2.37,2.85,1.95,2.05,1.98,1.71,1.71,2.02,2.83,3.65,4.07,4.24,4.48,4.55,4.6,4.28,3.86,4.21,4.84,4.66,4.44,5.44,4.39,4.13,4.16,3.83,2.48,2.05,4.62,5.57,5.95,4.29,3.18,0.74,-0.81,-2.98,-3.59,-3.71,-2.75,-1.28,-1.48,-0.29,0.41,2.07,3.22,5.3,5.85,6.24,5.88,5.08,3.99,4.28,4.96,5.65,4.26,2.52,0.87,2.2,4.14,4.59,5.86,9.72,9.46,10.16,11.6,6.91,-2.3,-5.59,-5.28,-4.57,-2.87,-3.06,-4.4,-3.69,-2.19,1.22,-2.34
0.17,1.18,2.38,2.45,2.83,3.3,2.78,2.86,2.38,1.84,1.08,0.92,1.0,1.46,2.22,3.16,3.62,3.55,4.12,4.56,4.69,4.36,3.91,4.18,4.12,4.48,5.53,6.67,2.78,3.4,2.74,1.89,0.39,-0.65,-1.52,4.04,6.07,4.47,5.03,8.04,0.31,-0.95,-3.39,-4.03,-3.6,-2.88,-1.43,-2.2,0.49,1.71,3.22,3.93,5.12,5.93,5.74,5.58,4.46,4.22,4.63,5.11,4.64,3.71,2.25,2.76,3.71,4.36,5.05,6.98,8.64,8.63,8.87,10.63,1.39,-4.82,-5.25,-3.27,-3.27,-2.46,-2.37,-3.06,-3.28,-1.8,-0.61
-0.28,1.25,2.55,3.37,3.91,4.01,4.09,3.34,1.85,1.64,0.51,0.14,0.39,1.08,1.86,2.64,3.02,2.93,3.48,3.84,4.05,3.85,3.34,3.48,3.57,4.4,5.87,5.92,1.72,1.88,1.32,0.92,1.43,1.68,-1.38,-6.4,-0.18,4.0,2.18,3.87,5.51,1.95,-1.14,-3.19,-3.72,-2.5,-1.51,-1.19,-1.67,0.43,1.56,3.11,4.65,5.78,5.8,5.78,4.43,3.7,4.32,5.09,5.04,4.94,5.09,4.35,3.37,4.75,4.93,5.45,5.57,7.12,7.84,7.19,5.0,-3.69,-5.6,-4.35,-3.55,-2.99,-2.59,-2.75,-3.14,-3.39,-3.17
3.16,1.59,2.0,2.77,3.12,3.31,2.95,3.17,2.8,2.27,0.74,0.55,0.78,2.12,2.37,2.63,2.75,2.8,3.24,3.65,3.64,3.47,2.95,3.06,3.22,4.2,5.68,5.78,0.65,0.21,0.35,0.24,0.02,-0.85,-0.26,-1.04,-5.46,-2.76,1.65,3.48,5.14,5.64,1.12,-2.5,-3.07,-2.06,0.42,-0.74,-1.08,0.2,0.39,1.22,2.91,4.26,5.2,5.29,4.69,4.52,3.89,4.08,4.64,5.57,6.6,6.89,6.09,2.86,5.25,5.7,2.71,5.82,6.86,5.41,5.41,-3.22,-5.82,-5.47,-4.21,-4.09,-3.87,-4.03,-3.87,-3.39,-3.21
1.61,1.66,1.41,2.21,2.53,2.68,2.94,3.15,3.23,2.48,1.84,2.0,2.59,2.31,2.29,2.36,2.68,2.65,3.02,3.51,3.71,3.41,3.16,3.23,3.44,4.12,5.41,5.73,2.55,0.61,0.78,0.71,-0.45,-1.2,-2.05,-4.17,-4.24,-5.85,-3.53,-1.15,1.12,2.4,0.8,-2.69,-0.25,-3.81,-2.84,-1.6,-1.29,-0.79,0.15,1.29,3.28,4.28,4.71,4.85,4.54,4.45,4.5,4.41,3.68,4.64,6.24,7.54,6.8,5.85,5.7,5.18,3.62,3.3,3.86,4.7,4.11,-3.97,-7.31,-6.53,-6.07,-5.15,-4.92,-4.67,-3.87,-4.06,-3.68
1.13,0.8,0.27,0.68,1.8,2.12,2.61,3.57,3.69,2.61,2.03,1.92,1.96,1.84,1.4,1.43,2.2,2.41,2.62,2.93,3.45,3.54,3.32,3.34,3.52,3.68,4.63,4.55,2.99,1.78,0.63,0.57,0.27,-0.51,-1.67,-2.53,-4.26,-4.92,-4.65,-3.97,-1.2,-0.06,-0.7,-1.69,-5.11,-5.03,-6.09,-5.61,-3.27,-1.25,0.06,0.71,2.28,3.53,4.0,4.18,4.02,4.19,4.4,3.91,4.63,5.39,6.27,6.43,5.69,5.44,5.18,4.82,4.21,2.07,-0.05,3.09,2.36,3.36,-7.74,-9.3,-8.18,-7.31,-5.75,-5.0,-4.7,-4.51,-3.79
0.87,0.11,-1.01,-0.66,0.92,2.2,2.75,2.98,2.89,2.45,2.37,2.4,2.51,2.77,2.1,1.29,1.84,2.51,3.04,3.14,3.09,3.15,3.39,3.5,3.74,3.31,3.28,3.57,1.7,0.96,-0.03,-0.43,0.03,-0.68,-1.78,-2.27,-3.75,-4.39,-5.04,-4.53,-1.24,0.22,-0.02,-0.54,-5.22,-4.15,-6.28,-4.11,-3.49,-2.53,-0.68,0.68,0.5,1.93,2.99,3.54,4.58,4.92,4.03,3.3,4.03,5.67,6.64,6.37,4.96,4.2,4.29,4.2,3.2,3.6,1.85,-0.25,-0.21,0.06,-1.49,-9.35,-9.86,-8.8,-7.02,-5.79,-5.63,-5.21,-4.85
0.36,0.29,-0.87,-1.85,-0.7,1.31,1.88,2.07,2.36,2.67,2.75,2.82,2.65,3.29,3.8,2.47,2.41,2.67,2.7,2.87,3.47,2.75,3.06,3.5,3.81,3.69,3.26,3.26,2.72,-1.22,-1.44,-2.19,-1.55,-1.64,-1.95,-2.68,-2.95,-4.06,-4.98,-5.81,-2.99,1.93,0.05,-1.09,-2.66,-3.7,-4.47,-4.73,-4.01,-2.75,-0.82,0.0,-0.78,0.71,2.13,3.62,5.32,5.93,4.56,2.54,3.57,5.15,7.1,6.79,4.91,4.22,3.79,3.02,2.94,4.09,0.16,-1.86,-3.93,-1.28,-0.3,-10.05,-11.21,-9.9,-8.49,-6.9,-6.61,-6.13,-4.92
0.17,0.36,-0.35,-0.68,-1.06,0.41,1.11,0.27,1.58,2.3,2.49,1.63,1.77,2.49,3.33,3.5,3.27,2.88,3.01,2.44,2.46,2.74,2.48,3.1,3.86,4.49,4.71,4.49,4.71,1.26,-4.26,-3.45,-3.05,-2.87,-2.43,-1.82,-2.24,-2.7,-2.8,-3.75,-1.69,-0.31,0.65,-1.29,-3.27,-3.59,-3.3,-3.92,-3.62,-3.42,-1.66,-0.69,-0.87,0.75,1.95,3.47,5.5,7.42,4.89,3.31,3.79,5.87,7.58,7.56,5.73,4.22,3.72,2.41,0.98,1.12,-2.19,-2.47,-3.43,-3.16,-2.58,-2.68,-13.48,-10.73,-9.25,-8.14,-7.34,-6.47,-5.2
0.11,-0.31,-0.15,-0.37,-0.34,-0.51,0.39,1.6,2.54,3.71,3.58,2.02,-1.1,0.79,1.58,2.3,2.51,2.8,2.79,3.24,2.95,2.29,2.91,2.84,3.5,4.5,5.35,5.86,5.58,5.86,-3.33,-6.24,-4.56,-3.68,-4.1,-2.87,-3.35,-2.43,-1.97,-1.79,-1.5,-0.96,-1.6,-2.12,-2.39,-3.43,-3.48,-3.9,-4.94,-2.84,-1.96,-0.61,-0.1,1.17,2.19,3.95,5.19,7.39,4.52,3.98,5.46,7.05,7.84,7.62,6.91,4.83,3.9,1.91,-0.28,1.67,-1.65,-3.88,-4.49,-5.22,-3.07,-3.62,-14.62,-11.14,-9.46,-8.49,-7.38,-6.51,-5.21
0.61,0.47,0.49,-0.26,-1.47,-0.99,-0.71,1.12,2.93,3.82,4.98,3.1,4.46,5.4,2.36,2.39,3.46,1.33,2.14,2.45,2.98,3.23,3.39,3.42,3.97,4.43,5.21,5.75,6.03,6.08,4.52,-4.4,-7.15,-5.43,-6.31,-4.0,-2.24,-2.62,-3.44,-2.66,-1.57,-3.21,-4.76,-3.53,-3.02,-2.86,-3.68,-3.55,-3.59,-2.6,-2.2,-0.81,-0.22,1.41,2.53,2.8,2.84,4.72,4.31,5.29,6.43,7.44,8.28,9.14,8.4,7.28,5.63,1.31,-2.45,1.04,0.41,-1.85,-4.46,-7.24,-4.86,-6.45,-14.03,-10.67,-9.33,-8.42,-7.78,-6.28,-4.65
0.46,0.85,0.92,1.84,-0.3,1.0,3.12,3.5,4.59,5.8,5.25,4.93,4.31,4.54,4.26,4.39,5.05,6.3,2.49,0.96,2.07,2.87,2.95,3.13,3.74,4.71,5.26,5.57,5.89,6.06,5.88,3.91,-2.37,-3.95,-5.58,-5.61,-3.78,-2.37,-2.07,-2.95,-3.85,-3.23,-3.93,-4.49,-4.31,-3.98,-4.49,-4.23,-3.2,-3.01,-2.54,-1.79,0.01,1.1,1.91,1.43,3.23,4.9,5.43,4.53,5.04,6.05,6.49,7.98,8.54,7.94,5.89,0.76,-1.06,2.72,1.31,-2.87,-6.97,-8.9,-6.93,-8.62,-12.11,-10.29,-9.33,-8.68,-8.81,-6.81,-5.18
-1.42,-0.45,-1.62,-1.26,-1.26,-0.81,0.86,2.84,3.86,4.64,4.87,3.93,3.29,3.11,3.26,3.16,4.07,4.54,5.46,5.24,4.89,4.6,3.81,3.25,3.74,4.46,5.04,5.3,5.45,5.83,5.98,6.11,3.7,-1.08,-0.62,-3.76,-4.1,-1.99,-2.77,-3.2,-3.22,-4.2,-6.23,-6.28,-5.85,-4.81,-4.54,-3.75,-3.64,-3.09,-1.85,-0.67,0.35,1.2,2.75,1.25,2.39,3.86,4.64,4.69,5.66,5.6,4.98,5.51,8.33,10.51,8.46,4.76,8.12,3.51,-2.41,-6.14,-8.08,-9.5,-9.24,-13.3,-14.04,-11.86,-9.34,-9.48,-9.01,-8.14,-6.78
0.11,-1.63,-1.97,-2.21,-1.82,-1.54,-0.36,1.5,2.58,3.82,3.15,2.66,2.74,2.76,2.24,1.7,2.02,2.87,3.86,4.63,5.06,4.5,3.89,4.34,4.83,6.25,7.09,5.65,5.0,5.1,5.58,5.64,4.54,3.41,2.6,2.38,1.42,1.24,-1.28,-2.94,-4.37,-5.51,-7.27,-6.89,-5.41,-4.64,-4.52,-4.38,-4.26,-3.51,-1.55,0.2,1.69,2.55,2.82,1.79,1.14,2.9,3.91,4.47,4.98,4.66,4.05,4.7,5.88,8.13,5.4,3.16,7.03,5.75,-1.0,-6.23,-8.33,-9.21,-10.49,-15.74,-14.33,-11.83,-10.71,-10.65,-9.27,-8.72,-7.75
-0.06,-0.93,-1.85,-2.33,-2.8,-2.44,-1.3,-0.02,2.15,2.55,1.78,1.34,1.72,5.06,6.05,3.72,5.37,6.21,6.6,7.57,8.08,5.36,3.91,3.21,3.63,4.83,6.09,6.35,6.71,6.98,6.24,6.75,5.65,5.39,4.43,4.52,4.88,4.54,1.14,-3.17,-4.95,-6.68,-7.29,-6.62,-6.01,-5.57,-5.27,-5.47,-4.75,-3.59,-1.7,0.47,2.14,3.15,3.63,2.75,1.92,2.5,3.21,4.21,4.69,5.74,6.39,5.96,5.94,4.75,5.46,6.11,5.02,7.04,0.42,-2.82,-5.32,-6.65,-8.97,-13.39,-6.69,-8.59,-9.54,-9.11,-8.45,-8.17,-7.29
1.28,0.6,0.21,-1.33,-1.64,-1.74,-2.23,0.71,3.33,4.61,4.81,2.83,5.43,7.53,8.57,7.75,7.51,6.35,4.45,4.32,5.02,4.73,4.11,3.94,4.81,5.56,5.42,5.05,4.69,5.31,8.25,7.77,7.39,4.63,5.83,6.94,6.32,4.04,0.99,-3.0,-4.61,-5.86,-6.41,-6.52,-6.51,-6.51,-6.35,-6.18,-5.14,-3.86,-2.5,-0.77,1.38,3.3,3.95,4.15,3.27,2.55,3.55,4.7,5.51,6.37,7.24,5.57,6.57,4.08,11.19,8.8,8.72,2.23,1.68,-0.56,-3.71,-6.06,-9.69,-11.69,-13.12,-10.55,-11.19,-10.2,-7.47,-6.62,-5.91
1.99,1.18,1.41,1.5,0.43,-1.18,-3.15,-0.07,1.28,3.6,4.99,5.66,5.31,5.55,5.01,5.11,4.52,4.06,3.6,3.54,3.72,3.76,3.61,3.93,4.29,4.66,5.0,4.88,5.01,5.5,4.87,5.38,6.48,7.38,7.19,6.75,7.06,5.23,1.05,-1.74,-3.74,-4.66,-5.25,-6.31,-6.45,-6.79,-7.11,-6.85,-6.18,-5.21,-3.83,-1.96,-0.44,1.7,3.49,4.23,4.97,3.94,3.87,3.74,5.51,6.05,8.3,5.87,8.75,7.06,8.41,14.77,10.56,6.35,2.78,-1.19,-4.62,-4.59,-5.11,-4.57,-5.54,-6.5,-7.92,-8.41,-7.9,-5.87,-3.81
1.63,2.23,1.47,1.93,3.71,4.35,0.41,-2.58,-2.12,1.31,4.27,5.04,4.62,4.32,4.51,4.22,4.03,4.08,3.84,3.54,3.01,2.17,2.19,2.38,3.07,3.67,3.94,3.59,3.94,4.61,5.05,4.46,4.71,6.66,7.87,7.41,6.78,6.49,5.6,0.76,-3.08,-3.06,-4.62,-6.52,-7.34,-6.81,-6.86,-6.36,-7.18,-6.13,-4.99,-3.75,-2.18,-0.4,1.63,3.68,5.48,5.47,3.23,2.41,2.44,2.73,5.97,5.37,3.25,4.69,8.66,13.67,12.48,10.0,6.3,3.17,0.56,-0.81,-1.75,-1.09,-0.73,-3.14,-6.66,-5.78,-4.57,-3.73,-2.75
1.0,-0.21,-0.25,-0.07,2.09,4.45,7.82,-2.42,-1.4,1.59,3.91,4.08,4.38,4.64,4.93,4.91,4.85,4.66,4.28,3.75,3.12,2.42,1.43,1.49,1.93,1.99,1.9,2.28,2.3,2.56,2.61,3.03,3.62,4.39,5.42,5.55,6.35,6.24,6.64,7.0,5.6,-4.13,-4.54,-6.1,-6.56,-6.43,-6.85,-7.05,-7.1,-8.82,-8.45,-5.37,-3.52,-2.62,-0.56,1.46,2.96,5.78,4.78,4.25,2.79,2.83,5.27,6.28,8.16,6.29,7.69,8.84,9.61,8.03,7.15,4.97,2.71,1.46,0.74,0.07,-0.15,-0.83,-1.38,-2.12,-1.91,-1.63,-1.25
-2.71,2.08,0.53,-0.78,1.71,4.3,5.96,4.76,4.51,5.26,4.45,4.51,4.8,5.01,5.13,5.2,5.09,4.77,4.1,3.59,3.0,2.19,1.56,1.47,1.6,1.66,1.52,1.54,1.3,0.91,1.21,1.34,1.7,2.49,3.5,3.98,3.92,4.4,5.31,5.86,6.43,6.32,0.13,-7.59,-6.95,-6.77,-6.47,-8.46,-8.23,-10.0,-10.26,-10.34,-6.87,-3.68,-2.96,-1.16,0.88,4.77,5.77,4.75,4.55,2.09,4.08,4.65,7.0,3.86,5.5,5.62,6.13,5.98,5.39,4.53,3.25,1.71,0.63,0.58,-0.03,0.04,-0.04,0.13,0.46,0.58,0.85
2.68,1.47,0.82,1.35,2.69,4.33,3.92,4.58,4.78,5.31,4.93,4.93,4.95,5.21,5.63,5.92,5.88,5.6,5.07,4.48,3.62,2.64,1.9,0.44,-0.49,0.76,1.35,1.41,1.44,1.0,0.26,-0.01,0.7,1.13,1.55,1.74,1.7,2.14,2.78,3.77,4.76,5.33,5.21,3.62,-7.3,-8.1,-8.29,-7.45,-8.93,-9.8,-10.56,-10.08,-9.53,-9.02,-6.11,-3.28,-1.58,-0.63,3.55,5.94,4.94,4.59,2.13,2.38,1.93,4.08,5.15,4.63,3.83,3.51,3.4,2.86,2.33,1.57,1.2,0.69,0.22,-0.11,0.15,0.73,1.35,1.77,1.36
0.5,1.17,1.67,1.51,2.14,3.94,4.51,4.94,5.17,5.18,5.46,5.71,6.01,6.22,6.42,6.56,6.42,6.14,5.74,5.03,4.21,3.69,3.15,2.53,2.07,1.62,1.18,0.2,-0.42,-0.62,-0.66,-1.05,-0.83,-0.33,0.41,0.32,-0.27,-0.72,-0.47,1.18,2.61,3.01,4.09,3.94,3.72,-1.56,-8.47,-8.92,-9.29,-9.83,-10.83,-11.58,-11.42,-10.52,-8.58,-7.21,-4.36,-2.34,-0.91,2.47,4.78,3.97,2.29,-0.2,0.71,3.12,2.6,3.72,2.89,1.92,2.27,2.3,1.86,1.12,0.48,0.1,-0.06,0.24,1.01,2.0,2.97,3.82,4.67
-0.26,0.41,2.31,2.55,3.4,4.42,5.54,5.71,5.94,6.16,6.18,6.28,6.54,7.29,8.03,8.17,7.92,7.58,7.08,6.24,5.5,4.98,4.37,3.13,2.54,2.59,2.35,1.41,-0.02,-1.15,-1.85,-2.62,-3.82,-4.4,-3.33,-1.77,-1.42,-1.8,-2.02,-1.92,-1.36,0.56,1.22,1.38,2.13,1.78,2.3,-4.72,-10.13,-10.75,-11.16,-11.48,-12.03,-12.15,-11.19,-9.06,-7.88,-5.4,-3.08,-1.94,1.0,2.91,1.18,-0.33,-1.16,2.28,1.35,1.67,2.21,0.88,-0.2,0.76,1.04,0.65,0.45,0.31,-0.1,0.52,1.83,2.92,4.59,5.96,5.99
-0.59,0.36,2.72,4.09,4.36,4.4,4.71,5.74,6.62,7.09,7.63,7.6,8.26,8.61,8.68,8.69,8.93,8.91,8.07,7.16,6.03,5.34,5.18,4.98,4.75,4.16,3.76,2.36,0.55,-0.08,0.11,-0.27,-1.04,-1.42,-1.38,-2.39,-3.62,-4.17,-4.05,-3.61,-3.13,-2.51,-1.58,-0.94,-0.77,0.01,0.69,-0.67,0.27,-9.96,-12.02,-12.3,-12.26,-12.18,-12.07,-11.53,-9.72,-8.28,-6.68,-4.27,-3.27,-0.08,1.4,0.21,-1.01,1.15,-0.66,-0.58,0.27,1.48,0.12,-1.32,-0.05,0.48,-1.43,-0.83,1.41,3.36,4.17,4.76,5.6,7.18,5.67
0.58,1.4,2.97,4.66,5.41,5.34,5.55,6.25,7.18,7.94,8.67,8.39,9.06,9.33,8.88,9.42,9.39,8.79,8.39,7.65,6.62,5.93,5.63,5.39,5.08,4.71,4.15,3.74,3.18,2.33,1.9,1.22,0.16,-0.72,-1.07,-1.73,-2.47,-2.48,-4.44,-5.62,-5.3,-4.69,-4.17,-3.99,-2.37,-1.69,-1.06,-0.56,-1.56,-1.47,-2.63,-14.1,-13.46,-13.2,-12.57,-12.45,-12.43,-10.45,-8.83,-8.07,-5.83,-4.01,-1.07,0.19,0.16,-2.28,-3.19,-3.07,-3.56,-1.47,-0.34,0.53,-0.46,-1.57,-2.77,-2.92,-1.1,0.28,1.16,3.95,5.65,6.22,7.58
0.39,2.11,1.88,2.92,4.05,4.69,5.66,7.26,7.89,8.76,9.09,9.38,9.66,9.9,9.99,9.92,9.91,9.52,8.94,8.26,7.33,6.17,5.35,5.0,4.69,4.13,3.59,3.1,2.44,1.97,1.57,0.68,0.35,0.1,-0.15,-0.18,-0.39,-1.19,-3.6,-5.24,-6.79,-6.05,-6.21,-6.87,-6.88,-5.18,-3.31,-2.6,-2.19,-2.03,-4.04,-1.52,-6.56,-15.68,-14.37,-13.57,-13.32,-13.37,-11.69,-10.39,-10.37,-7.69,-4.3,-2.36,-0.99,-1.57,-2.29,-3.54,-3.0,-5.08,-4.15,-2.68,0.07,1.7,-2.31,-5.07,-3.94,-2.93,-0.48,0.96,3.68,5.01,5.6
-1.83,-0.28,1.52,2.7,4.29,4.94,6.08,7.31,8.07,8.56,9.26,9.32,9.82,10.12,10.38,10.49,10.48,9.75,8.75,7.96,7.32,6.71,6.06,5.7,5.32,4.49,3.53,3.06,2.44,1.72,0.93,0.28,-0.14,-0.05,0.53,1.02,0.93,0.36,-0.68,-2.9,-6.55,-8.37,-8.59,-8.27,-8.04,-8.3,-7.35,-6.18,-4.4,-3.92,-3.83,-4.69,-5.81,-1.15,-8.1,-15.31,-15.34,-14.97,-14.08,-13.31,-12.08,-10.31,-8.79,-5.97,-3.88,-2.49,-3.22,-3.71,-3.24,-2.67,-5.78,-6.39,-5.02,-2.5,-0.62,-2.83,-4.85,-4.22,-3.31,-1.67,0.09,1.93,0.94
-3.23,-1.06,0.19,1.88,3.4,4.56,5.62,6.63,7.32,7.93,8.91,9.39,10.29,11.18,11.45,12.03,11.84,11.0,10.18,9.21,8.24,7.41,6.82,6.43,6.07,5.48,4.51,3.58,2.61,1.86,1.26,0.6,-0.11,-0.73,-1.17,-1.35,-1.09,-1.17,-1.44,-1.62,-2.42,-5.13,-8.82,-10.18,-10.34,-9.77,-9.93,-8.97,-8.07,-7.08,-6.06,-5.66,-4.41,-5.1,-4.18,1.0,-6.43,-15.17,-15.61,-14.95,-14.15,-13.14,-11.4,-9.43,-7.86,-4.66,-3.47,-4.03,-4.45,-3.83,-4.33,-6.24,-7.62,-6.01,-4.52,-3.43,-4.58,-4.78,-3.85,-2.58,-1.42,-1.42,-2.0
-3.78,-1.9,-0.73,0.81,2.46,3.76,4.37,5.63,6.46,7.72,9.15,10.15,11.43,11.99,12.84,12.63,12.35,12.22,11.19,9.76,8.34,7.13,6.2,5.64,4.92,3.83,2.68,1.84,1.64,1.69,1.51,1.42,1.55,1.67,1.43,1.17,0.9,0.48,-0.17,-0.76,-1.39,-2.77,-6.3,-10.43,-12.7,-12.54,-12.6,-12.25,-11.18,-10.05,-9.11,-8.35,-7.21,-5.43,-4.38,-5.61,-4.4,0.12,-2.96,-12.8,-14.61,-14.15,-13.08,-12.3,-10.99,-10.4,-8.55,-6.17,-5.6,-5.82,-5.63,-6.55,-7.34,-8.21,-6.71,-5.93,-5.28,-4.64,-3.81,-3.22,-3.22,-3.65,-2.86
-4.17,-3.18,-1.32,0.7,1.74,2.57,3.6,5.12,6.81,8.57,9.67,10.74,11.7,12.34,12.67,13.3,13.19,13.09,12.44,10.97,9.16,7.51,6.3,5.62,4.57,2.97,1.59,0.83,0.96,1.29,1.37,1.21,0.68,0.38,0.68,1.04,1.31,1.37,0.65,-0.8,-2.61,-3.43,-4.69,-9.28,-12.77,-13.81,-13.27,-12.92,-11.78,-11.2,-10.17,-9.89,-9.73,-9.44,-8.33,-5.48,-4.97,-5.71,-5.05,-1.46,-1.3,-12.05,-13.61,-13.63,-12.48,-11.05,-9.69,-8.6,-7.52,-7.31,-6.95,-7.05,-7.79,-8.26,-8.36,-7.92,-6.88,-7.2,-6.6,-6.34,-6.05,-4.81,-4.16
-5.23,-3.91,-1.44,0.29,1.29,1.89,3.55,5.24,7.25,8.94,10.46,11.82,12.93,13.4,13.8,14.26,15.29,15.72,15.71,14.37,12.02,9.19,6.78,5.19,3.92,2.15,0.52,0.24,0.72,1.08,1.03,0.6,0.16,-0.11,-0.09,0.2,0.66,1.2,1.58,1.29,-0.1,-2.99,-5.75,-9.38,-12.23,-15.17,-15.65,-14.17,-12.56,-12.12,-12.16,-11.21,-11.07,-10.43,-9.92,-9.69,-8.67,-5.54,-4.31,-6.02,-4.66,-1.29,-2.26,-12.07,-13.14,-12.5,-11.05,-10.26,-9.77,-9.02,-8.04,-7.31,-7.74,-8.98,-9.46,-8.64,-8.5,-8.35,-8.0,-8.0,-8.27,-8.45,-6.61
-6.16,-4.23,-2.0,-0.48,0.29,1.47,3.23,5.2,7.13,9.08,10.91,12.29,13.28,13.89,14.41,14.94,15.69,16.82,17.4,17.12,15.4,12.37,9.65,7.07,5.05,2.68,0.63,0.15,0.62,1.11,1.07,0.86,0.57,0.29,0.11,0.08,0.12,0.22,0.6,1.31,-0.15,-3.68,-5.8,-8.87,-14.13,-16.48,-17.28,-16.1,-14.65,-13.18,-11.5,-10.88,-10.13,-9.97,-8.9,-8.52,-9.02,-9.34,-9.6,-6.48,-3.88,-3.96,-4.25,-3.33,-6.31,-12.37,-12.04,-11.54,-11.34,-10.88,-9.87,-8.71,-8.09,-8.54,-9.34,-9.76,-9.18,-8.43,-8.87,-10.0,-9.97,-9.56,-8.9
-7.33,-5.25,-2.95,-1.34,-0.05,1.12,2.41,4.17,6.13,8.07,9.95,11.69,12.9,13.54,13.89,14.3,15.58,17.02,18.48,18.06,16.4,14.32,11.67,8.95,6.57,4.44,2.21,0.61,0.19,0.83,1.25,1.06,0.73,0.53,0.21,0.15,0.21,0.14,1.14,2.0,3.07,-1.9,-8.92,-9.82,-14.32,-17.68,-17.97,-17.2,-15.61,-13.13,-11.49,-11.0,-10.52,-9.76,-9.21,-8.85,-9.54,-10.47,-11.03,-11.19,-8.87,-5.11,-3.76,-4.79,-4.59,-5.13,-7.9,-11.36,-12.3,-11.92,-11.07,-10.06,-9.82,-9.73,-9.59,-9.76,-10.03,-9.67,-9.05,-9.49,-11.01,-11.76,-11.18
-7.25,-5.73,-3.95,-2.0,-0.83,-0.03,1.05,2.5,4.19,6.28,8.76,10.69,11.6,12.4,13.16,14.95,16.95,18.42,18.85,17.46,15.83,14.92,13.0,10.15,7.37,4.94,2.95,1.76,1.3,1.34,1.94,1.73,1.05,0.41,0.36,0.03,0.25,0.77,1.12,2.28,3.58,3.72,0.74,-13.21,-13.3,-17.42,-19.06,-17.4,-14.99,-12.8,-11.65,-10.94,-10.31,-9.64,-9.22,-9.1,-9.4,-10.37,-11.73,-12.2,-11.49,-10.09,-8.53,-5.2,-4.31,-4.27,-4.48,-6.71,-10.04,-12.19,-11.68,-11.12,-10.49,-10.5,-10.41,-10.13,-10.08,-10.38,-9.92,-10.01,-10.78,-12.02,-12.57
-7.2,-5.65,-3.79,-2.47,-1.74,-0.95,0.15,1.33,2.98,5.43,8.11,9.97,11.21,12.44,14.13,16.31,17.81,17.61,16.58,16.13,15.3,14.62,13.06,10.93,8.68,6.41,5.09,3.56,2.23,1.34,0.53,-0.21,-0.63,-0.39,0.28,0.96,1.33,1.26,1.04,1.14,1.12,1.88,1.06,-0.56,-3.13,-12.4,-17.37,-16.9,-14.01,-11.41,-10.57,-10.18,-10.02,-9.84,-9.58,-9.6,-9.5,-9.58,-10.23,-11.65,-12.62,-11.79,-10.71,-9.87,-7.96,-5.18,-4.51,-4.91,-6.22,-8.79,-11.06,-11.44,-11.11,-10.79,-10.69,-10.66,-10.8,-11.19,-11.77,-12.05,-12.45,-12.93,-13.08
-7.11,-5.07,-3.81,-3.13,-2.27,-1.07,0.31,1.67,3.71,6.05,7.98,9.66,10.93,12.74,14.11,15.3,14.33,13.88,14.33,14.27,14.37,13.33,12.21,10.91,9.31,7.84,5.66,3.08,1.38,0.8,0.39,-0.43,-0.62,0.4,1.43,1.59,0.78,-0.16,-0.75,-0.97,-1.13,-1.12,-1.32,-2.3,-4.75,-7.64,-8.92,-9.2,-9.52,-9.68,-9.81,-10.1,-10.38,-10.56,-10.68,-10.47,-10.49,-10.76,-10.8,-10.88,-11.57,-12.41,-12.08,-11.35,-10.94,-9.8,-7.23,-5.38,-5.75,-6.72,-7.96,-9.15,-10.35,-10.99,-11.0,-10.95,-11.14,-11.93,-12.59,-13.13,-13.49,-13.28,-11.98
-7.33,-5.61,-3.77,-1.9,-0.45,0.76,2.2,3.78,5.3,6.72,8.33,9.77,11.05,13.04,12.45,11.33,11.49,12.5,12.8,12.65,12.57,12.59,11.79,11.29,12.75,12.19,10.73,9.4,6.89,4.51,2.92,2.03,1.71,1.47,1.1,0.68,-0.27,-1.34,-2.22,-3.06,-3.07,-2.72,-2.85,-3.33,-4.39,-5.78,-7.24,-8.54,-9.46,-9.85,-9.83,-9.88,-9.96,-10.24,-11.17,-12.04,-12.3,-12.15,-11.68,-12.01,-12.61,-13.27,-13.21,-12.93,-12.47,-12.14,-11.23,-9.4,-7.7,-7.3,-7.72,-7.93,-7.58,-9.04,-10.37,-11.44,-11.67,-12.3,-13.07,-13.28,-13.53,-13.72,-13.77
