data/wind.json
{"header": { "discipline":0, "disciplineName":"Meteorological products", "gribEdition":2, "gribLength":79475, "center":7, "centerName":"US National Weather Service - NCEP(WMC)", "subcenter":0, "refTime":"2015-04-22T00:00:00.000Z", "significanceOfRT":0, "significanceOfRTName":"Analysis", "productStatus":0, "productStatusName":"Operational products", "productType":0, "productTypeName":"Analysis products", "productDefinitionTemplate":0, "productDefinitionTemplateName":"Analysis/forecast at horizontal level/layer at a point in time", "parameterCategory":2, "parameterCategoryName":"Momentum", "parameterNumber":2, "parameterNumberName":"U-component_of_wind", "parameterUnit":"m.s-1", "genProcessType":0, "genProcessTypeName":"Analysis", "forecastTime":0, "surface1Type":103, "surface1TypeName":"Specified height level above ground", "surface1Value":100.0, "surface2Type":255, "surface2TypeName":"Missing", "surface2Value":0.0, "gridDefinitionTemplate":0, "gridDefinitionTemplateName":"Latitude_Longitude", "numberPoints":65160, "shape":6, "shapeName":"Earth spherical with radius of 6,371,229.0 m", "gridUnits":"degrees", "resolution":48, "winds":"true", "scanMode":0, "nx":360, "ny":181, "basicAngle":0, "subDivisions":0, "lo1":0.0, "la1":90.0, "lo2":359.0, "la2":-90.0, "dx":1.0, "dy":1.0 }, "data":
[rows 35 to 69 of 181, columns 80 to 159 of 360]
1.3,3.23,4.81,2.55,2.53,4.81,2.12,-3.49,-0.02,6.2,0.83,0.07,0.27,2.16,2.84,2.52,2.42,5.08,5.29,5.51,6.31,6.2,6.93,6.76,7.12,6.37,6.76,7.31,2.0,3.98,3.15,2.34,10.35,9.19,10.6,9.59,5.25,6.38,5.49,-4.92,-6.69,-8.47,-6.78,-3.35,-2.51,-2.76,-4.25,-4.03,-3.56,-2.25,-2.26,-2.37,-0.66,-0.2,1.35,2.37,3.84,3.54,0.5,-0.53,-0.75,-1.55,-1.76,-2.14,-2.49,-3.32,-3.8,-3.65,-3.24,-3.96,-4.75,-4.68,-5.39,-9.26,-8.68,-8.25,-4.8,-1.97,-1.29,1.15
2.51,5.44,5.39,2.2,3.29,0.61,2.32,1.08,-3.31,0.71,2.47,1.03,0.15,-0.88,1.22,2.73,3.04,3.02,3.38,5.12,4.66,6.63,6.83,7.72,7.09,8.41,8.18,6.98,8.67,-0.62,5.35,8.58,8.9,10.01,9.41,9.19,10.56,8.27,9.95,6.92,-5.1,-6.34,-9.79,-8.31,-6.86,-4.86,-4.66,-3.44,-2.7,-2.16,-1.56,-0.58,0.44,1.03,1.0,1.44,0.65,-0.24,1.31,1.29,0.68,1.57,0.17,0.16,0.11,-0.7,-0.61,0.17,1.39,3.24,3.91,5.85,4.9,-0.89,0.42,3.82,1.68,2.3,2.93,4.23
3.36,4.59,5.51,3.21,1.17,1.5,0.63,-1.96,-0.13,-0.09,1.38,1.22,1.33,0.7,2.48,3.86,3.63,3.82,4.49,2.79,-0.97,2.37,7.04,7.4,7.45,8.02,9.03,8.43,11.38,9.37,9.77,11.28,11.17,10.36,9.29,10.62,9.82,9.96,9.03,6.8,7.19,4.15,-1.42,-4.91,-3.45,-3.98,-2.9,-3.06,-3.1,-2.4,-2.01,-1.07,-1.29,-0.82,0.85,1.53,0.02,0.74,1.93,4.37,2.93,2.72,2.88,1.92,3.24,3.99,4.81,6.06,8.08,10.7,13.28,15.72,19.2,23.24,22.58,17.92,13.47,8.21,10.2,6.98
3.93,3.18,3.35,1.24,0.59,1.1,-0.04,-1.28,-2.27,0.62,0.91,0.9,0.35,1.23,0.95,-0.28,0.89,3.03,6.13,7.46,10.97,4.2,-3.52,2.0,7.35,8.45,11.32,9.46,11.13,10.87,11.49,12.52,13.41,12.73,10.34,10.95,11.54,11.72,10.8,11.07,10.3,9.02,6.54,2.29,0.82,0.09,-0.96,-0.71,-0.66,0.11,-0.27,-1.44,0.81,-0.22,0.24,0.09,0.41,2.5,2.21,4.19,4.48,4.45,4.99,6.34,7.59,8.27,9.83,11.56,13.78,16.26,18.57,20.49,22.51,23.68,23.53,21.59,18.26,12.0,12.38,14.21
3.28,1.79,-3.28,-2.64,-0.51,0.39,0.03,-0.28,-0.32,-0.88,2.98,0.53,1.28,-1.49,1.01,0.49,1.8,2.51,2.41,5.71,8.54,13.24,1.72,-2.7,-1.11,3.9,2.59,4.36,6.39,6.96,8.54,9.63,10.25,14.16,11.53,9.66,9.52,12.39,12.06,10.71,9.58,9.37,8.35,-1.09,1.47,2.54,4.34,2.93,1.18,1.88,1.42,1.21,0.97,1.22,-0.59,0.92,0.89,2.76,3.99,3.96,5.49,6.93,9.89,8.27,9.23,13.23,15.69,16.77,17.8,18.65,19.5,20.44,21.26,21.49,21.01,19.77,19.94,16.29,16.72,16.71
2.93,1.8,-1.77,-2.91,-0.82,-2.12,-1.78,-1.06,0.29,-0.77,1.97,-0.97,1.53,1.65,2.92,2.4,0.89,0.46,5.74,6.56,6.58,6.92,7.84,1.05,-1.53,-1.43,-0.94,0.06,3.09,3.85,6.94,8.9,9.03,6.21,10.19,10.61,11.54,13.52,14.08,11.19,12.67,12.29,11.63,2.16,0.74,1.74,4.45,7.12,2.9,3.49,2.93,3.2,3.35,3.7,2.85,-2.21,-0.2,-1.4,2.58,5.61,4.28,5.28,5.96,8.07,8.77,9.01,13.25,14.74,14.79,14.65,14.88,15.09,15.45,15.98,16.09,14.75,14.22,15.15,15.75,16.02
-2.23,-0.78,-1.41,-2.21,-3.69,-1.53,-1.06,-4.09,-0.77,0.96,1.42,2.07,3.02,3.06,-1.86,-2.39,-0.33,2.17,0.76,4.19,6.34,6.86,6.16,5.48,0.17,-8.2,-5.14,-1.88,1.83,4.22,5.5,5.73,6.36,8.04,7.43,8.04,10.95,14.17,12.25,14.65,14.88,16.52,11.23,3.19,2.21,2.67,4.13,6.03,6.56,5.98,4.37,5.45,5.31,4.56,5.15,4.91,3.8,7.47,6.43,11.03,4.49,7.32,5.65,9.75,11.75,11.22,10.83,11.45,12.81,13.29,13.52,14.69,16.68,17.25,17.09,16.66,16.25,15.52,14.42,15.0
-3.61,-1.83,-0.16,-0.46,5.71,3.82,0.82,-1.29,-1.99,-1.33,-0.41,2.43,3.07,6.22,1.52,-1.7,-2.65,-2.29,0.28,0.95,2.12,2.75,3.85,5.57,4.55,2.33,2.72,2.55,3.97,3.81,1.38,3.95,4.28,4.55,7.11,9.17,9.3,11.93,12.86,14.12,14.72,16.68,9.68,3.77,2.42,1.9,3.1,2.79,5.96,5.2,6.54,5.16,5.16,5.97,7.22,7.78,7.51,9.22,9.23,12.29,7.72,12.94,12.2,10.54,8.55,11.5,11.98,12.32,12.79,13.38,14.48,16.12,17.24,17.52,17.37,16.47,15.46,14.21,13.3,13.27
0.0,-2.93,-3.02,-2.02,-1.64,-0.06,0.97,4.75,0.93,-1.36,-1.51,-0.59,0.9,3.74,8.48,3.46,5.53,3.45,1.81,1.91,-0.9,0.6,-0.35,0.33,3.75,5.2,4.54,6.24,6.31,7.28,8.31,8.49,9.47,7.63,10.68,12.28,13.17,12.9,13.11,12.05,14.98,12.47,10.03,4.87,4.63,3.05,1.68,1.93,1.12,7.31,6.08,7.09,6.61,6.18,7.66,7.55,6.83,5.23,9.77,6.7,10.74,10.62,8.57,8.5,11.21,11.41,11.29,11.5,12.57,13.91,15.15,16.16,16.21,15.55,14.76,13.74,12.91,12.24,12.36,12.73
-1.23,-1.35,-0.69,0.96,4.78,6.06,-6.25,-6.38,-1.67,0.68,1.89,4.84,1.06,-0.76,2.0,2.48,2.7,4.65,6.4,6.28,3.95,3.28,3.13,2.72,1.37,2.47,4.72,6.8,8.4,7.92,7.85,9.59,10.91,9.99,13.09,14.92,15.9,12.53,12.1,10.8,11.13,8.63,6.18,5.78,6.01,6.59,5.43,2.77,3.31,4.14,6.97,7.38,6.61,6.76,7.41,8.66,10.43,10.39,3.75,9.88,10.4,9.94,9.3,10.46,13.0,13.36,13.18,12.97,12.87,14.94,10.72,10.47,12.34,12.33,11.83,10.85,10.48,10.81,11.61,12.51
-1.26,-0.3,3.3,2.45,6.02,9.16,8.55,6.13,4.9,4.95,4.11,5.43,5.82,2.52,4.24,4.47,5.85,3.64,3.23,5.5,2.33,2.96,6.06,9.96,3.63,7.14,5.66,8.59,7.39,11.91,11.88,12.36,14.3,14.85,13.38,13.33,14.17,12.57,13.16,12.27,8.15,4.48,3.8,5.47,4.78,5.7,7.16,7.55,8.74,12.43,9.94,11.62,8.05,7.25,7.85,9.91,9.05,5.26,8.07,8.94,8.95,10.11,7.7,10.04,10.76,9.6,11.25,11.72,8.6,10.27,11.58,10.85,11.16,10.72,9.83,9.63,9.94,10.66,11.52,12.42
-10.75,-9.42,-4.67,-1.46,-0.08,1.14,1.97,3.45,-1.11,3.23,1.81,3.56,3.23,0.93,6.72,5.44,4.32,5.31,0.54,2.03,1.11,2.25,0.08,6.36,9.62,10.33,11.34,12.18,7.41,7.64,12.59,11.49,10.64,10.48,11.46,10.06,10.44,10.16,8.08,4.66,4.68,5.13,4.9,3.62,3.48,4.02,5.21,5.27,7.35,7.24,7.66,6.5,4.6,6.29,7.32,7.31,5.62,8.05,8.58,9.27,8.84,11.56,5.88,6.63,5.25,2.43,3.42,7.98,9.39,10.07,10.18,10.13,9.47,9.29,9.49,9.76,9.98,10.56,10.83,10.58
-2.7,-2.71,-0.94,1.0,-0.89,2.85,3.85,-0.76,3.92,2.24,2.04,0.11,-3.08,-4.3,-3.12,0.58,2.29,7.18,2.59,4.08,-4.23,-2.21,2.78,2.45,1.64,9.21,11.42,9.92,13.09,12.84,13.36,9.55,10.49,10.23,9.76,9.2,9.08,8.93,10.51,7.66,6.32,5.89,4.47,3.06,3.16,4.24,4.79,4.83,6.15,5.61,3.47,6.17,2.25,4.52,3.55,2.22,2.93,4.81,7.19,8.53,6.93,4.61,0.28,7.8,5.96,7.81,9.44,9.42,10.09,10.2,9.36,9.43,9.14,8.79,9.17,9.41,9.31,9.05,8.48,8.28
-0.61,2.27,1.12,-0.19,0.06,0.81,0.14,3.35,-0.27,1.73,2.23,3.05,2.87,1.73,0.39,0.99,-0.7,5.34,6.11,3.34,0.41,0.55,0.72,1.46,1.57,4.62,5.64,7.64,7.1,9.79,13.86,10.22,7.32,7.68,8.21,7.34,8.82,4.33,3.21,5.68,6.28,3.01,3.7,4.55,3.51,5.02,4.36,3.04,7.78,4.21,0.31,0.58,1.14,2.89,4.24,6.06,7.3,7.99,8.89,8.84,6.75,5.22,0.99,4.1,10.75,9.08,11.06,10.78,10.5,9.19,8.7,8.98,9.18,8.37,7.7,7.38,6.76,6.16,7.17,7.2
5.76,-2.18,-5.25,-5.32,-4.61,-5.6,-5.01,-4.07,-2.79,-4.31,-0.75,-3.7,-0.88,2.25,1.29,-0.41,0.21,0.65,2.45,4.17,2.56,-1.11,-2.84,-1.29,0.77,2.33,-1.32,0.08,1.76,-0.44,0.27,2.82,0.52,4.64,4.35,0.98,1.22,0.7,-0.35,6.48,7.37,5.82,5.88,2.31,3.19,2.04,1.0,3.23,2.52,0.15,-4.31,-1.96,0.28,1.76,3.33,4.92,7.14,9.12,9.03,6.12,6.25,6.7,1.1,3.08,6.16,6.58,8.89,9.79,8.97,8.51,7.77,7.89,7.59,6.1,5.23,4.94,5.27,5.17,4.67,5.9
-2.85,3.35,3.32,3.74,-0.17,-2.38,-1.41,0.86,-3.17,-1.45,3.94,4.93,5.0,2.78,1.6,0.44,1.41,1.65,4.81,5.29,4.68,0.58,-3.8,-5.97,-3.07,-0.03,-0.29,1.19,3.27,3.33,4.38,2.15,1.67,3.28,3.32,3.73,1.02,2.88,3.65,3.6,6.71,7.73,3.44,2.9,0.73,0.92,0.82,4.57,3.9,4.92,6.09,5.73,3.01,2.66,3.8,5.82,7.75,7.29,6.04,4.4,-0.44,2.39,-1.45,3.36,4.67,5.31,6.57,7.33,6.34,6.39,6.24,6.61,4.52,2.81,2.47,3.14,2.94,3.29,3.1,8.48
2.95,3.61,-0.04,-1.54,-2.02,-1.78,-2.61,0.7,-1.3,1.51,2.3,2.9,0.92,2.04,-2.01,-1.01,0.97,-0.22,-1.26,0.87,1.47,3.62,-0.57,-4.77,-5.71,-4.49,-0.27,-0.13,-1.9,-0.71,0.55,0.06,2.18,-1.25,0.04,3.51,4.07,1.29,2.81,3.61,5.59,4.36,2.44,-0.08,-2.01,-1.48,-1.48,2.17,7.75,5.45,5.62,5.61,4.54,5.24,6.39,5.98,5.24,4.33,3.59,2.4,0.58,0.82,4.67,4.68,4.28,3.01,3.71,3.78,3.15,2.84,3.12,2.18,1.14,0.68,0.17,0.39,0.94,2.18,11.77,9.39
3.08,4.31,5.7,-0.31,0.23,-0.7,-3.25,-0.81,1.24,3.2,-1.23,4.53,1.53,3.68,2.48,-1.01,0.26,2.73,1.41,1.66,1.9,1.87,4.27,4.51,-2.04,-2.2,0.09,-0.57,-0.92,0.23,-1.47,-0.93,-0.5,-1.45,0.04,1.67,-2.05,-1.4,-1.09,0.02,1.81,1.97,0.21,-0.53,0.18,-0.89,-2.3,-0.55,1.03,1.79,2.55,2.14,4.17,4.99,3.79,3.29,3.3,1.05,-1.0,0.89,0.18,-1.63,1.98,2.49,1.49,0.06,-0.26,-0.14,-1.01,-1.4,-1.16,-1.58,-2.06,-2.16,-2.25,-1.67,4.84,9.81,7.66,8.48
1.45,0.26,0.77,0.72,1.04,1.95,1.99,1.68,4.67,-0.71,0.48,-4.05,-0.95,3.88,10.19,7.22,-5.66,-4.56,-4.42,-0.7,-0.82,-0.1,1.13,1.96,1.24,0.05,-1.86,-0.88,-1.42,-2.32,-1.37,-2.49,-0.37,-1.23,-1.54,-0.53,-5.8,-3.17,0.37,1.55,0.81,0.38,1.64,3.51,4.39,5.28,4.57,2.79,2.24,4.97,4.85,4.16,2.01,-0.27,-0.49,-0.39,-2.23,0.6,-0.31,-1.11,-1.11,-1.48,-1.95,-2.0,-2.41,-2.83,-3.84,-4.66,-4.59,-3.51,-3.45,-3.4,-3.44,-3.05,-3.15,9.29,7.96,7.13,7.35,7.51
0.35,1.65,2.37,6.02,4.8,4.72,3.63,3.25,0.18,1.34,-1.95,-2.04,-0.8,-1.15,0.5,0.91,-0.5,2.18,0.63,1.89,0.74,-0.44,0.99,1.07,-1.21,-2.3,-0.67,0.98,0.08,0.39,0.0,-0.86,-2.87,-3.74,0.4,-3.08,-5.69,-3.62,-1.32,0.22,1.95,3.01,3.85,5.69,7.66,8.53,5.67,1.67,2.04,2.65,3.82,2.93,-1.58,-3.63,-5.34,-5.18,-0.31,0.46,-1.22,-1.51,-1.97,-3.16,-4.76,-6.13,-6.62,-7.16,-7.61,-7.03,-6.09,-4.96,-4.03,-3.69,-3.07,-1.05,11.23,8.81,6.77,6.59,7.3,7.56
2.1,0.57,-1.16,-0.51,2.26,3.59,3.22,3.42,2.44,0.09,-5.11,-9.7,-6.04,-3.99,-1.38,-0.31,1.35,1.78,1.72,0.3,0.8,1.19,0.65,0.48,0.57,-3.01,-2.62,0.81,2.32,1.64,2.9,1.65,-0.04,0.93,-4.63,-4.58,-3.67,-0.99,-1.18,2.79,7.08,7.8,7.63,9.27,9.05,7.41,3.17,1.26,0.26,1.24,2.79,1.27,1.31,0.42,0.03,-0.94,-4.26,-0.75,-3.65,-3.2,-4.69,-7.3,-8.32,-9.14,-9.46,-9.13,-8.32,-7.3,-6.23,-5.1,-4.37,-3.97,6.22,10.56,8.82,7.46,6.45,6.52,6.87,6.97
0.44,0.34,-1.74,-3.05,1.84,1.42,1.18,1.29,1.08,5.94,-0.55,-0.51,-4.43,-3.77,-1.65,-1.04,0.31,1.24,1.5,0.13,0.62,0.87,0.27,-1.39,-1.5,-1.37,-1.7,-1.57,0.75,1.01,2.03,0.3,0.19,1.04,-1.72,1.75,3.8,3.84,4.25,5.26,6.01,8.37,8.9,8.42,7.24,5.05,2.84,4.53,2.93,1.17,-0.22,1.38,-0.96,-0.74,1.09,1.92,-3.33,-11.6,-12.16,-7.94,-8.02,-9.41,-8.99,-9.1,-9.42,-8.82,-7.82,-6.89,-5.49,-4.82,0.37,11.13,10.18,8.62,7.11,6.33,5.74,5.05,5.29,5.42
0.37,1.67,-0.77,-1.06,0.85,0.67,-0.03,0.6,6.43,9.81,0.47,-2.56,-1.35,-0.02,-1.74,-1.26,-0.02,-0.07,1.82,0.19,0.15,0.39,0.86,-3.79,-1.95,-1.43,-2.01,-1.26,-1.93,-1.76,0.55,1.87,-0.07,1.42,2.44,3.14,4.86,4.82,4.77,4.85,4.89,5.44,6.6,6.16,4.24,2.42,2.69,1.75,1.97,0.04,0.03,1.5,-0.54,-4.05,-5.82,-7.57,-11.2,-10.14,-11.91,-9.43,-8.72,-9.96,-10.25,-8.73,-8.21,-7.05,-5.65,-3.64,0.86,9.63,9.7,8.72,7.72,6.92,6.17,5.76,4.38,4.07,4.2,3.87
0.06,0.93,1.19,2.13,0.87,5.44,9.5,12.31,10.87,7.78,2.03,-2.18,-1.66,-1.53,-1.27,-1.65,0.09,-0.06,1.09,1.84,-0.1,-0.93,-0.9,-1.62,-1.12,1.56,-1.02,-2.11,-2.64,-2.98,-0.52,1.61,0.15,1.22,1.17,1.34,1.84,1.54,1.85,1.59,2.71,2.74,3.59,2.86,1.34,0.72,1.53,1.72,0.44,0.41,0.85,-0.17,-2.99,-4.69,-6.22,-2.48,1.7,-1.73,-4.33,-4.99,-5.51,-4.24,-3.71,-3.75,-1.84,3.21,5.86,8.33,8.96,7.99,7.05,6.47,5.7,5.22,4.74,3.8,2.91,2.64,2.43,1.96
-1.15,-0.33,-1.69,0.95,2.47,3.31,2.62,6.36,4.32,2.26,4.02,1.8,1.1,-1.55,0.71,0.38,-1.74,1.1,1.87,3.14,2.93,-3.27,-1.73,-0.82,6.23,7.55,1.83,-0.74,-3.72,-3.67,-2.57,0.05,1.16,1.26,0.94,-0.48,-0.31,-0.42,0.05,1.28,1.27,1.3,1.28,0.83,-0.43,-0.47,0.55,1.08,-0.53,0.84,2.34,-3.19,-2.05,-4.6,-3.89,-1.53,-0.73,0.73,0.81,2.08,3.02,4.04,4.46,5.04,4.7,4.36,7.13,6.67,6.34,5.35,4.94,4.38,3.99,2.99,2.44,1.79,0.74,0.44,0.2,-0.16
-0.64,-3.14,-2.44,2.46,0.27,0.61,1.26,1.03,1.31,-1.6,0.31,1.0,-1.8,-1.54,-0.42,-0.33,0.27,0.16,2.19,1.63,2.6,-1.41,-0.83,3.43,6.64,4.78,3.9,3.22,-1.43,-1.7,-1.48,-0.05,0.4,1.19,0.7,-0.22,1.35,-1.08,-0.66,0.45,0.82,1.26,0.52,0.17,-0.8,-0.88,-0.36,0.23,0.01,2.11,3.86,0.4,2.12,4.68,3.84,3.1,3.47,3.35,2.79,2.86,3.52,4.37,4.13,5.21,7.5,5.49,5.66,4.37,3.89,3.31,2.66,1.93,1.41,1.49,-0.25,-0.75,-1.31,-1.66,-1.86,-1.92
-1.05,-0.88,-1.18,-5.29,-3.44,1.58,1.94,2.06,3.19,0.98,1.06,-0.6,-1.52,-1.34,-0.36,-0.53,-1.96,1.73,1.22,-0.1,0.66,-1.89,-0.99,0.37,3.01,3.93,2.12,1.14,-1.08,-1.14,-2.09,-0.69,-0.64,-1.84,-1.69,-1.08,-0.61,-1.78,-0.36,0.33,0.9,1.31,0.41,-0.7,-1.35,-1.68,-1.22,-0.17,1.28,3.32,5.08,5.96,6.43,6.34,3.74,3.91,3.58,2.55,2.82,3.86,2.41,3.45,6.99,4.01,3.56,3.77,3.04,2.22,1.83,1.33,0.38,-0.11,-0.65,-1.41,-2.54,-2.76,-2.76,-3.33,-3.35,-3.71
5.24,4.06,-1.6,-2.1,-0.5,-3.51,-3.52,1.24,2.35,2.28,-0.18,-1.29,0.78,-2.15,-0.68,0.36,-2.21,-0.46,0.1,-0.1,0.99,-2.16,-2.22,-2.37,-2.9,1.35,2.37,-1.4,-1.3,-1.53,-1.16,-2.12,-1.63,-2.38,-2.61,-1.6,-2.31,-2.21,-0.27,-1.68,0.9,-0.21,-1.1,-1.52,-2.27,-1.97,-1.0,-0.42,0.88,2.45,3.93,5.66,5.63,5.07,5.04,3.62,2.9,2.04,2.87,4.4,6.72,5.43,2.76,1.74,1.84,1.21,0.63,0.14,-0.02,-0.47,-1.39,-1.59,-2.24,-3.05,-3.81,-4.02,-4.3,-4.64,-5.02,-5.23
5.4,7.2,4.32,-2.02,-7.08,-4.84,-2.13,-1.05,0.23,-2.17,-2.03,-1.13,-4.27,-3.03,-3.64,-1.31,-1.46,-3.26,-2.14,-0.3,0.55,-1.46,-3.18,-2.57,-1.86,-3.53,-4.17,-1.3,-2.11,-0.79,-2.26,-1.55,-1.58,-1.88,-2.97,-2.33,-2.43,-0.89,-0.65,-0.64,-0.46,-2.61,-2.78,-2.91,-2.38,-1.2,-0.58,-2.61,-2.2,0.19,2.49,4.72,5.29,4.14,2.84,2.51,3.55,3.7,2.26,2.41,2.31,1.69,0.65,0.23,-0.25,-0.86,-1.76,-2.02,-1.98,-2.41,-3.09,-3.54,-3.5,-4.28,-4.39,-5.16,-5.62,-6.14,-6.61,-6.79
3.38,5.32,4.73,1.24,0.28,-6.65,-8.29,-7.0,-4.34,-5.29,-3.04,-1.83,-0.24,-3.17,-2.86,1.13,-2.05,-2.86,-1.81,0.26,2.88,1.16,-2.41,-3.04,-4.82,-3.46,-4.58,0.02,-0.85,-1.45,-3.03,-3.84,-2.23,-1.65,-2.95,-1.55,-1.59,-1.43,-1.57,-1.05,-3.57,-4.62,-3.56,-3.05,-1.71,-2.43,-1.5,-1.06,-1.38,0.02,0.52,1.35,1.56,1.94,3.66,3.02,1.56,0.58,0.48,-0.05,-0.07,0.74,-1.17,-1.56,-2.15,-2.92,-3.56,-3.77,-4.28,-4.27,-4.37,-4.44,-4.58,-5.06,-5.6,-6.48,-7.13,-7.42,-7.74,-8.04
2.16,3.9,2.44,1.56,2.66,4.34,0.4,-3.63,-4.6,-7.27,-7.42,-8.47,-4.56,-0.63,1.02,-1.79,-1.04,-0.73,-1.02,-0.91,0.69,1.32,-1.94,-1.84,-3.69,-2.65,-2.58,0.68,1.94,-1.24,-3.55,-4.46,-3.35,-2.58,-4.02,-0.47,0.23,-0.89,-1.17,-5.92,-5.94,-7.28,-3.02,-3.57,-2.76,-1.5,-0.57,-1.51,-3.69,-0.28,1.89,2.55,3.35,2.62,1.67,-0.35,-0.95,-1.34,-1.39,-1.99,-1.99,-2.34,-3.23,-3.79,-4.09,-4.43,-4.84,-6.17,-6.19,-5.34,-5.34,-5.05,-5.45,-6.06,-6.77,-7.58,-8.29,-8.51,-8.43,-8.47
1.23,2.28,1.21,0.99,2.93,4.77,4.44,-2.24,-0.34,-0.37,-4.73,-5.43,-3.13,-2.24,2.33,-2.02,-1.57,-3.37,-2.9,0.06,1.65,-1.31,-2.38,-0.67,-2.05,-2.89,-3.29,0.9,-1.96,-2.84,-3.6,-3.69,-3.43,-3.45,-2.51,-0.88,0.71,-0.02,-5.63,-7.48,-6.06,0.85,-3.85,-3.49,-2.61,-2.44,-1.26,-0.95,2.27,-0.39,-0.65,-0.31,-0.25,-1.01,-1.65,-2.02,-2.4,-2.97,-3.61,-3.71,-3.92,-4.89,-5.56,-5.71,-5.84,-6.27,-6.95,-7.67,-7.51,-6.21,-6.23,-6.13,-6.32,-7.08,-8.06,-8.78,-9.06,-9.27,-9.5,-9.57
0.93,1.65,2.4,-0.46,0.43,3.03,2.99,-0.1,-0.85,-0.09,-2.34,-1.28,-3.57,-2.34,3.0,-0.31,-3.14,-2.06,-3.82,-3.0,-0.36,-2.51,-2.47,-1.8,-0.38,-2.24,-0.88,-0.24,0.66,-3.04,-7.49,-5.37,-3.79,-3.48,-4.18,0.01,-2.34,-7.98,-7.82,-6.34,-2.99,-1.58,-6.61,-5.12,-4.75,-3.2,-1.59,1.13,0.14,-1.78,-2.05,-2.28,-2.36,-2.58,-2.32,-3.83,-4.43,-4.63,-5.07,-5.23,-5.91,-6.6,-7.06,-6.92,-7.22,-8.33,-8.22,-9.02,-8.17,-7.57,-7.31,-7.47,-7.93,-8.73,-8.91,-9.34,-9.46,-9.41,-9.36,-9.37
1.52,8.56,4.06,7.12,8.93,2.3,3.81,-1.12,0.41,3.07,2.09,0.31,-4.02,-1.75,2.06,1.79,-3.4,-0.15,-0.46,-3.63,-1.54,-2.78,-2.38,-2.25,-2.25,-0.6,-3.25,-0.99,-0.37,0.66,-1.92,-4.17,-4.63,-3.92,-6.33,-8.42,-8.54,-8.01,-6.98,-5.43,-3.01,-4.04,-4.71,-4.54,-5.06,-3.26,0.0,-0.03,-2.08,-2.96,-3.53,-2.97,-2.81,-3.54,-4.82,-5.38,-5.82,-5.55,-5.83,-6.46,-7.18,-7.34,-7.39,-8.21,-8.61,-9.18,-9.25,-9.35,-8.91,-9.11,-9.04,-9.6,-9.95,-10.34,-10.36,-10.21,-10.04,-9.98,-9.89,-9.93
1.42,7.66,5.32,4.92,6.75,2.99,2.86,3.58,3.82,4.29,4.11,1.53,-1.02,0.22,3.88,0.86,-1.2,-0.08,1.13,0.5,-3.56,-3.0,-2.43,-3.08,-2.32,-2.39,-0.61,-3.7,-6.61,-6.07,-6.89,-10.1,-10.02,-9.42,-8.31,-8.44,-8.2,-8.02,-6.6,-5.34,-5.25,-2.19,-3.39,-3.95,-4.25,-3.15,-2.06,-2.95,-3.39,-4.03,-3.75,-4.01,-4.82,-5.58,-5.68,-6.27,-6.34,-6.26,-6.59,-7.1,-7.39,-7.85,-8.98,-9.5,-9.12,-9.63,-10.08,-9.74,-9.87,-10.09,-10.56,-11.42,-12.0,-11.99,-11.53,-11.03,-10.67,-10.56,-10.21,-10.14
