data/wind.json
{"header": { "discipline":0, "disciplineName":"Meteorological products", "gribEdition":2, "gribLength":79505, "center":7, "centerName":"US National Weather Service - NCEP(WMC)", "subcenter":0, "refTime":"2015-04-22T00:00:00.000Z", "significanceOfRT":0, "significanceOfRTName":"Analysis", "productStatus":0, "productStatusName":"Operational products", "productType":0, "productTypeName":"Analysis products", "productDefinitionTemplate":0, "productDefinitionTemplateName":"Analysis/forecast at horizontal level/layer at a point in time", "parameterCategory":2, "parameterCategoryName":"Momentum", "parameterNumber":3, "parameterNumberName":"V-component_of_wind", "parameterUnit":"m.s-1", "genProcessType":0, "genProcessTypeName":"Analysis", "forecastTime":0, "surface1Type":103, "surface1TypeName":"Specified height level above ground", "surface1Value":100.0, "surface2Type":255, "surface2TypeName":"Missing", "surface2Value":0.0, "gridDefinitionTemplate":0, "gridDefinitionTemplateName":"Latitude_Longitude", "numberPoints":65160, "shape":6, "shapeName":"Earth spherical with radius of 6,371,229.0 m", "gridUnits":"degrees", "resolution":48, "winds":"true", "scanMode":0, "nx":360, "ny":181, "basicAngle":0, "subDivisions":0, "lo1":0.0, "la1":90.0, "lo2":359.0, "la2":-90.0, "dx":1.0, "dy":1.0 }, "data":
[rows 0 to 36 of 181, columns 0 to 82 of 360]
-5.66,-5.6,-5.54,-5.48,-5.42,-5.36,-5.29,-5.22,-5.15,-5.08,-5.01,-4.94,-4.86,-4.79,-4.71,-4.63,-4.55,-4.47,-4.38,-4.3,-4.21,-4.12,-4.03,-3.94,-3.85,-3.76,-3.67,-3.57,-3.48,-3.38,-3.28,-3.18,-3.08,-2.98,-2.88,-2.78,-2.68,-2.57,-2.47,-2.36,-2.25,-2.15,-2.04,-1.93,-1.82,-1.71,-1.6,-1.49,-1.38,-1.27,-1.16,-1.05,-0.93,-0.82,-0.71,-0.59,-0.48,-0.37,-0.25,-0.14,-0.03,0.09,0.2,0.31,0.43,0.54,0.65,0.77,0.88,0.99,1.11,1.22,1.33,1.44,1.55,1.66,1.77,1.88,1.99,2.1,2.2,2.31,2.42
-8.25,-8.21,-8.17,-8.12,-8.07,-8.01,-7.94,-7.87,-7.79,-7.71,-7.62,-7.52,-7.41,-7.3,-7.18,-7.05,-6.91,-6.76,-6.61,-6.46,-6.3,-6.13,-5.97,-5.79,-5.62,-5.44,-5.26,-5.07,-4.87,-4.68,-4.47,-4.27,-4.06,-3.85,-3.65,-3.44,-3.23,-3.02,-2.82,-2.61,-2.41,-2.2,-2.0,-1.79,-1.59,-1.38,-1.18,-0.98,-0.78,-0.59,-0.4,-0.22,-0.03,0.15,0.33,0.5,0.68,0.86,1.04,1.22,1.4,1.58,1.75,1.92,2.09,2.25,2.41,2.56,2.71,2.86,3.01,3.16,3.31,3.45,3.6,3.74,3.88,4.02,4.15,4.27,4.4,4.52,4.64
-9.53,-9.56,-9.57,-9.58,-9.56,-9.54,-9.49,-9.43,-9.35,-9.26,-9.15,-9.03,-8.9,-8.75,-8.58,-8.4,-8.2,-7.98,-7.73,-7.46,-7.17,-6.86,-6.54,-6.2,-5.85,-5.49,-5.12,-4.75,-4.38,-4.02,-3.64,-3.26,-2.87,-2.48,-2.08,-1.7,-1.33,-0.98,-0.64,-0.3,0.03,0.35,0.66,0.96,1.24,1.51,1.75,1.98,2.19,2.39,2.58,2.76,2.93,3.1,3.26,3.42,3.57,3.72,3.87,4.03,4.2,4.37,4.55,4.74,4.93,5.12,5.3,5.49,5.67,5.84,6.01,6.18,6.33,6.47,6.59,6.7,6.79,6.87,6.94,6.99,7.03,7.05,7.07
-8.29,-8.37,-8.44,-8.51,-8.57,-8.61,-8.65,-8.67,-8.68,-8.67,-8.65,-8.61,-8.55,-8.48,-8.37,-8.22,-8.01,-7.75,-7.44,-7.09,-6.69,-6.24,-5.76,-5.25,-4.7,-4.11,-3.48,-2.82,-2.14,-1.47,-0.81,-0.16,0.45,1.02,1.54,2.0,2.4,2.73,3.0,3.22,3.38,3.51,3.61,3.71,3.81,3.92,4.06,4.22,4.41,4.62,4.83,5.04,5.25,5.46,5.64,5.8,5.93,6.03,6.12,6.19,6.26,6.33,6.41,6.49,6.58,6.69,6.8,6.91,7.03,7.15,7.27,7.39,7.51,7.61,7.69,7.76,7.82,7.86,7.9,7.92,7.93,7.93,7.91
-5.61,-5.54,-5.5,-5.46,-5.42,-5.4,-5.41,-5.39,-5.34,-5.28,-5.21,-5.09,-4.96,-4.83,-4.67,-4.51,-4.36,-4.21,-4.02,-3.82,-3.62,-3.38,-3.09,-2.8,-2.47,-2.09,-1.73,-1.42,-1.16,-0.91,-0.68,-0.47,-0.26,-0.07,0.1,0.28,0.47,0.65,0.82,1.0,1.18,1.35,1.55,1.76,2.0,2.28,2.6,2.94,3.3,3.67,4.01,4.27,4.47,4.63,4.75,4.78,4.77,4.77,4.81,4.87,4.95,5.08,5.25,5.44,5.65,5.87,6.06,6.21,6.3,6.36,6.4,6.44,6.48,6.53,6.6,6.69,6.77,6.85,6.93,7.03,7.12,7.19,7.26
-5.66,-5.59,-5.59,-5.6,-5.64,-5.7,-5.69,-5.68,-5.68,-5.64,-5.58,-5.52,-5.42,-5.33,-5.27,-5.18,-5.05,-4.94,-4.81,-4.57,-4.24,-3.92,-3.6,-3.29,-3.03,-2.77,-2.45,-2.12,-1.81,-1.5,-1.21,-0.89,-0.58,-0.29,-0.01,0.26,0.49,0.73,0.88,0.96,1.17,1.46,1.65,1.85,2.09,2.31,2.55,2.83,3.07,3.31,3.57,3.83,4.08,4.27,4.43,4.55,4.63,4.67,4.64,4.56,4.48,4.41,4.37,4.44,4.59,4.77,4.97,5.19,5.36,5.52,5.71,5.92,6.08,6.18,6.24,6.26,6.24,6.2,6.12,6.04,5.96,5.87,5.8
-5.23,-5.47,-5.69,-5.68,-5.67,-5.71,-5.68,-5.64,-5.57,-5.44,-5.27,-5.11,-4.93,-4.73,-4.56,-4.39,-4.24,-4.1,-3.93,-3.76,-3.61,-3.4,-3.15,-2.92,-2.71,-2.51,-2.46,-2.36,-2.05,-1.72,-1.36,-0.99,-0.69,-0.45,-0.25,0.06,0.39,0.59,0.76,1.01,1.23,1.49,1.95,2.43,2.91,3.43,3.84,4.15,4.38,4.4,4.38,4.54,4.63,4.62,4.6,4.5,4.37,4.26,4.19,4.09,3.97,3.97,4.06,4.16,4.29,4.41,4.49,4.55,4.57,4.57,4.57,4.55,4.53,4.49,4.42,4.32,4.19,4.02,3.83,3.64,3.46,3.29,3.15
-6.04,-5.92,-5.88,-5.88,-5.83,-5.71,-5.63,-5.49,-5.33,-5.16,-4.97,-4.89,-4.71,-4.55,-4.35,-4.19,-4.04,-3.87,-3.7,-3.51,-3.31,-3.09,-2.86,-2.59,-2.31,-2.02,-1.72,-1.41,-1.08,-0.77,-0.47,-0.19,0.07,0.32,0.55,0.79,1.01,1.2,1.39,1.56,1.74,1.91,2.07,2.23,2.36,2.47,2.56,2.61,2.63,2.63,2.61,2.59,2.54,2.46,2.35,2.33,2.34,2.39,2.42,2.45,2.48,2.38,2.33,2.26,2.21,2.17,2.17,2.18,2.2,2.21,2.2,2.14,2.02,1.84,1.6,1.32,1.01,0.7,0.42,0.2,0.07,0.05,0.13
-7.33,-7.33,-7.32,-7.32,-7.33,-7.31,-7.29,-7.27,-7.18,-7.01,-6.82,-6.6,-6.37,-6.11,-5.83,-5.54,-5.26,-4.96,-4.67,-4.37,-4.09,-3.85,-3.65,-3.45,-3.24,-3.01,-2.76,-2.49,-2.18,-1.84,-1.46,-1.05,-0.61,-0.18,0.23,0.61,0.96,1.28,1.54,1.73,1.83,1.87,1.88,1.93,2.02,2.12,2.18,2.1,1.87,1.47,0.98,0.51,0.09,-0.29,-0.62,-0.86,-1.01,-1.09,-1.17,-1.36,-1.54,-1.61,-1.53,-1.06,-0.17,0.81,1.42,1.45,1.01,0.38,-0.21,-0.69,-1.04,-1.31,-1.48,-1.54,-1.47,-1.31,-1.13,-1.03,-1.06,-1.26,-1.63
-10.12,-9.97,-9.85,-9.55,-9.31,-9.33,-9.26,-9.37,-9.39,-9.37,-9.2,-8.96,-8.54,-8.25,-7.98,-7.7,-7.31,-6.73,-5.99,-5.02,-3.9,-2.76,-2.01,-1.75,-1.97,-2.24,-1.99,-1.07,0.37,1.86,3.04,3.65,3.76,3.54,3.35,3.4,3.65,3.9,3.94,3.8,3.6,3.42,3.26,3.01,2.58,1.97,1.42,1.08,0.95,0.94,0.82,0.14,-0.75,-1.36,-1.61,-1.35,-0.68,0.04,0.61,0.73,0.12,-1.02,-2.68,-3.49,-3.44,-2.58,-1.31,-0.43,-0.27,-0.61,-1.06,-1.32,-1.37,-1.39,-1.55,-1.96,-2.56,-3.24,-3.92,-4.56,-5.17,-5.85,-6.22
-13.4,-13.85,-14.07,-13.99,-13.82,-13.64,-13.41,-13.23,-13.26,-13.03,-11.71,-9.39,-7.59,-6.59,-5.54,-3.24,-0.3,1.62,2.82,2.23,1.95,2.45,3.98,5.1,4.97,4.06,3.54,4.12,4.92,5.09,4.79,4.5,4.31,4.17,4.13,4.14,4.06,3.86,3.53,3.11,2.67,2.27,1.99,1.8,1.57,1.18,0.63,0.11,-0.22,-0.43,-0.72,-1.1,-1.49,-1.81,-2.1,-2.44,-2.72,-2.88,-2.92,-3.01,-3.01,-3.05,-3.13,-3.32,-3.53,-3.62,-3.62,-3.61,-3.69,-3.89,-4.16,-4.42,-4.69,-5.05,-5.5,-5.94,-6.26,-6.52,-6.72,-6.7,-6.21,-5.1,-3.61
-17.12,-16.94,-16.76,-16.79,-16.99,-17.14,-16.89,-15.77,-13.38,-9.61,-5.19,-1.79,-1.45,-2.71,-4.64,-4.08,-1.43,0.54,1.1,1.22,1.47,2.27,3.01,3.15,3.15,3.45,4.04,4.55,4.73,4.7,4.54,4.6,4.62,4.59,4.49,4.32,4.1,3.8,3.4,2.85,2.15,1.43,0.75,0.18,-0.27,-0.64,-0.99,-1.36,-1.73,-2.04,-2.32,-2.6,-2.92,-3.21,-3.39,-3.46,-3.54,-3.69,-3.81,-4.0,-4.27,-4.51,-4.66,-4.79,-4.89,-5.26,-5.7,-6.08,-6.43,-6.68,-6.91,-7.17,-7.6,-7.94,-8.11,-7.91,-7.31,-6.51,-5.36,-4.19,-3.23,-2.47,-1.85
-17.71,-17.31,-16.47,-15.05,-13.04,-10.8,-8.77,-7.14,-5.92,-4.93,-4.16,-3.62,-3.35,-3.4,-2.15,-0.54,-0.16,-0.65,-3.24,-4.05,-1.61,0.5,0.77,0.6,0.88,1.13,1.34,1.74,2.13,2.69,3.09,3.3,3.46,3.62,3.82,3.71,3.38,3.02,2.8,2.77,2.87,2.71,2.18,1.44,0.58,-0.35,-1.32,-2.21,-2.94,-3.49,-3.87,-4.16,-4.42,-4.67,-4.9,-5.02,-5.06,-5.09,-5.27,-5.61,-6.03,-6.39,-6.59,-6.57,-6.47,-6.46,-6.65,-7.01,-7.52,-7.74,-7.64,-7.91,-8.27,-8.39,-7.69,-6.68,-5.77,-4.93,-4.04,-3.09,-2.17,-1.32,-0.59
-11.83,-10.7,-10.11,-9.59,-8.91,-7.95,-6.8,-5.45,-4.04,-2.81,-1.86,-1.05,-0.07,0.86,0.46,-2.21,-2.51,-5.27,-2.59,0.44,2.13,2.83,3.25,3.74,3.99,4.82,6.3,7.84,9.02,9.67,9.88,9.77,9.43,8.86,8.15,7.38,6.39,5.45,4.78,4.4,3.98,3.29,2.31,1.22,0.15,-0.85,-1.76,-2.65,-3.39,-3.91,-4.3,-4.65,-4.98,-5.3,-5.59,-5.82,-5.96,-6.04,-6.08,-6.08,-6.16,-6.59,-7.4,-8.13,-8.27,-7.74,-6.78,-6.25,-6.8,-7.79,-8.16,-8.01,-7.48,-7.35,-6.68,-5.72,-4.78,-3.88,-3.03,-2.21,-1.25,-0.1,1.1
-8.53,-6.67,-4.98,-3.44,-1.95,-0.29,1.36,2.67,3.61,4.1,4.1,3.74,3.36,3.01,2.78,2.88,3.61,4.65,5.58,6.26,6.63,6.81,6.72,6.5,6.42,6.6,7.06,7.8,8.65,9.41,10.26,11.39,12.44,12.58,11.64,10.29,9.06,7.83,6.14,4.24,2.72,1.71,0.78,-0.27,-1.38,-2.43,-3.25,-3.9,-4.5,-5.1,-5.78,-6.4,-6.84,-7.03,-7.08,-7.35,-7.98,-8.06,-6.89,-5.07,-4.47,-5.18,-7.49,-9.52,-10.05,-8.22,-6.57,-4.27,-3.78,-5.11,-6.12,-6.39,-6.28,-5.75,-5.04,-4.53,-4.07,-3.11,-1.42,0.55,2.07,2.97,3.62
3.21,3.94,4.46,4.73,4.81,4.73,4.68,4.77,4.92,5.19,5.59,5.81,5.74,5.89,6.66,7.37,7.46,7.83,8.58,8.7,8.3,8.24,8.83,9.76,10.31,10.36,10.67,11.65,12.64,13.16,12.76,11.75,11.12,12.0,13.7,13.6,11.49,9.42,7.81,5.76,3.31,1.03,-0.8,-2.29,-3.56,-4.66,-5.6,-6.32,-6.92,-7.51,-8.07,-8.48,-9.0,-9.92,-11.16,-10.98,-7.07,-2.19,-3.08,-6.08,-6.52,-4.99,-3.68,-3.26,-3.59,-4.42,-5.24,-5.61,-5.61,-5.4,-5.0,-4.46,-4.03,-4.09,-4.48,-3.83,-2.33,-0.6,1.18,2.63,2.59,1.91,2.62
5.49,5.49,5.51,5.53,5.52,5.38,4.91,4.35,3.87,3.46,3.14,3.0,3.06,3.2,3.05,2.37,2.12,3.88,7.05,9.16,9.99,10.18,9.85,9.12,8.25,7.84,7.95,8.55,10.36,12.94,14.64,14.88,14.0,12.45,12.42,14.35,14.07,10.82,7.83,5.37,2.68,0.09,-2.07,-3.77,-5.03,-6.2,-7.52,-8.53,-9.1,-9.34,-9.54,-10.33,-11.3,-11.53,-9.03,-3.61,-1.4,-3.65,-6.5,-5.86,-4.25,-4.27,-4.85,-5.24,-5.56,-5.64,-5.31,-4.88,-4.85,-4.98,-4.1,-1.7,0.84,2.06,2.11,1.49,1.11,1.25,1.69,2.39,3.22,3.56,2.86
6.9,6.37,5.58,4.72,4.0,3.43,2.93,2.43,1.97,1.66,1.39,1.09,0.79,0.58,0.45,0.27,0.01,-0.3,0.64,3.42,6.6,9.2,10.81,11.22,10.59,9.24,7.63,5.89,4.17,6.68,14.3,18.69,18.17,17.02,15.52,14.36,13.29,10.68,7.32,4.3,1.32,-1.56,-3.84,-5.6,-7.11,-8.52,-9.59,-10.54,-11.75,-12.06,-10.96,-9.9,-8.59,-4.66,-1.99,-2.85,-3.83,-4.62,-5.05,-5.13,-5.25,-5.5,-5.61,-5.6,-5.35,-4.75,-4.22,-4.04,-3.3,-1.33,0.18,0.47,0.64,0.61,0.06,0.31,1.5,2.23,2.3,2.39,2.86,3.88,4.37
4.93,4.76,4.33,3.98,3.81,3.68,3.52,3.42,3.25,2.84,2.1,1.19,0.4,-0.22,-0.67,-1.18,-1.68,-1.63,-0.94,0.31,2.11,5.53,10.42,12.63,11.48,9.54,7.74,5.95,4.73,2.31,5.0,16.27,19.76,16.95,15.1,12.81,10.03,7.28,4.47,1.85,-0.63,-3.08,-5.31,-7.13,-8.79,-9.94,-11.09,-13.11,-13.61,-10.08,-6.02,-2.76,-0.83,-1.85,-3.82,-5.05,-4.79,-5.04,-5.62,-6.04,-6.17,-6.02,-5.77,-5.39,-5.22,-5.31,-4.23,-2.14,-0.93,-0.54,-0.47,-0.17,-0.21,0.0,0.72,0.88,0.62,0.41,0.32,0.61,0.69,0.19,1.23
5.01,5.07,4.98,4.68,4.55,4.66,4.76,4.94,5.01,4.49,3.49,2.37,1.33,0.37,-0.59,-1.41,-1.93,-2.12,-1.6,-1.38,-0.67,6.27,11.51,10.2,10.33,10.15,10.29,7.6,4.09,2.22,0.74,9.35,16.99,15.08,11.97,8.91,5.83,3.22,1.25,-0.34,-2.2,-4.34,-6.43,-8.06,-9.62,-10.83,-11.66,-12.43,-11.84,-7.49,-2.68,-2.04,-3.14,-3.33,-4.13,-6.07,-6.77,-6.01,-5.8,-5.76,-5.91,-6.2,-6.49,-6.53,-5.66,-3.89,-2.89,-2.76,-2.69,-2.28,-1.79,-1.71,-1.38,-0.97,-1.0,-0.92,-0.9,-0.9,-0.88,-0.22,2.09,5.32,7.55
4.09,3.92,3.62,3.56,3.82,4.26,4.68,5.29,5.7,5.23,4.17,3.01,1.75,0.31,-0.84,-1.45,-1.79,-1.81,-2.71,-0.81,4.59,5.57,5.21,5.72,5.49,6.28,6.71,6.42,6.61,5.34,5.94,9.28,11.27,11.56,9.27,5.95,3.4,1.08,-0.77,-2.14,-3.68,-5.65,-7.42,-8.78,-9.91,-10.6,-10.51,-10.61,-10.71,-8.07,-4.8,-4.5,-4.63,-4.7,-4.76,-4.73,-5.63,-6.64,-6.95,-7.34,-7.4,-6.2,-5.92,-5.96,-5.69,-5.11,-4.4,-3.57,-2.58,-2.12,-2.16,-2.48,-2.6,-1.98,-0.99,-0.76,-0.07,1.23,3.32,6.19,7.82,8.03,8.22
2.81,2.74,2.73,2.65,2.84,3.41,3.92,4.16,3.93,3.41,2.5,0.78,-0.72,-1.52,-2.26,-2.12,-2.53,-1.4,0.98,0.78,2.2,5.26,5.73,4.55,4.9,5.98,7.02,7.38,7.36,7.18,6.51,6.07,5.14,5.51,5.43,4.33,1.67,-0.53,-2.17,-3.67,-5.18,-6.69,-7.87,-8.88,-8.36,-9.01,-8.9,-8.22,-8.9,-7.78,-7.6,-6.56,-4.36,-2.6,-3.65,-5.26,-5.3,-5.49,-5.83,-7.12,-7.8,-7.18,-7.27,-7.85,-6.97,-4.77,-3.49,-2.58,-2.21,-2.69,-2.7,-2.31,-1.42,0.18,1.34,3.0,4.98,5.74,6.41,7.02,7.42,7.73,8.18
1.47,1.35,1.4,2.09,2.65,3.09,3.61,3.66,3.25,2.52,1.23,0.24,-0.7,-1.64,-2.74,-2.46,-2.38,-2.38,1.05,1.91,6.16,5.22,2.56,1.42,1.2,2.92,6.01,7.63,7.76,6.82,5.03,2.77,1.09,3.16,3.04,0.93,-1.05,-3.02,-4.02,-5.03,-6.34,-7.55,-8.38,-8.96,-8.7,-8.22,-7.65,-7.19,-6.7,-7.19,-6.74,-5.63,-5.98,-4.02,-3.24,-5.1,-5.26,-6.08,-7.77,-8.81,-8.31,-8.08,-7.6,-6.59,-5.63,-3.33,0.0,-3.51,-5.3,-3.21,-2.17,-0.53,1.62,2.75,3.57,4.19,5.04,6.3,7.28,7.84,8.33,8.89,9.37
0.96,1.09,1.24,1.26,2.41,3.52,3.58,2.85,1.68,0.4,-0.91,-2.03,-2.77,-2.8,-3.23,-3.64,-4.25,-0.71,3.2,2.94,3.21,0.69,-2.39,-4.05,0.71,6.6,8.07,7.97,7.33,5.66,2.3,0.11,0.01,1.2,1.42,-0.96,-3.0,-4.42,-5.04,-5.8,-6.4,-8.27,-9.8,-9.73,-9.78,-8.43,-6.9,-2.23,-0.27,-2.36,-3.94,-5.15,-5.53,-4.73,-5.74,-7.08,-6.33,-7.46,-7.26,-7.32,-7.1,-7.25,-6.99,-5.81,-2.23,-1.33,-4.27,-7.53,-6.73,-2.82,-0.12,1.47,3.19,4.73,5.69,6.34,6.96,7.38,7.51,8.07,8.43,8.36,8.53
1.16,1.11,1.6,2.16,2.52,2.11,1.27,0.36,-0.83,-1.84,-2.53,-2.84,-2.57,-3.02,-2.78,-3.16,-1.93,1.36,0.03,0.46,-0.98,-3.96,-3.99,-1.75,0.83,6.57,7.81,6.94,4.83,2.22,0.01,-0.62,-2.61,-3.43,-2.81,-4.48,-5.77,-6.27,-6.78,-7.29,-7.51,-7.96,-7.15,-7.35,-8.13,-6.22,-4.4,1.7,2.82,-1.77,-4.02,-5.12,-4.88,-5.28,-6.89,-6.88,-7.56,-8.0,-6.84,-5.93,-4.81,-3.74,-2.44,-2.83,-4.71,-5.86,-4.91,-4.41,-1.64,3.39,5.46,6.03,6.26,6.41,6.44,6.71,6.47,6.66,7.13,7.55,7.97,8.58,8.9
2.83,1.92,0.78,0.16,-0.1,-0.3,-0.41,-0.7,-1.47,-2.08,-2.59,-2.45,-1.81,-2.41,-2.72,-2.52,-1.09,-0.1,0.42,-1.91,-4.19,-5.24,-4.35,-4.5,-3.0,5.2,6.24,5.84,2.68,-0.01,-1.37,-2.19,-3.13,-3.69,-3.94,-4.95,-1.28,2.2,0.56,-2.97,-4.69,-4.81,-6.02,-5.2,-4.68,-4.29,-1.62,-0.8,-3.13,-4.3,-5.29,-6.18,-6.58,-6.99,-6.38,-7.82,-7.91,-7.03,-6.78,-5.13,-2.1,-3.03,-3.84,-5.42,-5.57,-3.72,1.34,6.6,7.31,7.44,7.52,7.07,6.92,6.76,6.44,5.83,5.12,5.36,6.56,6.76,6.67,7.1,8.01
2.39,1.28,-0.16,-0.63,-0.71,-0.74,-0.79,-0.5,-0.5,-0.98,-1.73,-0.55,-0.4,-2.75,-4.1,-4.01,-0.66,-2.73,-6.12,-7.49,-8.32,-6.8,-6.83,-3.74,2.71,3.55,2.46,2.43,1.5,-0.19,-1.66,-2.94,-3.35,-4.85,-4.89,-4.33,0.12,3.36,0.39,-3.32,-4.04,-4.28,-4.38,-4.46,-4.11,-4.64,-5.41,-5.34,-6.12,-6.64,-6.42,-6.56,-7.02,-5.7,-7.33,-7.68,-6.98,-6.14,-5.16,-1.85,-0.72,-2.21,-2.67,-1.31,1.09,3.1,4.43,4.95,5.71,5.78,5.93,6.39,6.64,6.51,6.18,5.88,5.0,3.52,3.06,4.47,5.98,6.99,7.18
1.24,0.01,-0.74,-0.98,-0.5,0.38,0.99,1.6,1.61,0.38,0.13,-3.02,-6.71,-7.14,-1.74,-4.13,-6.89,-7.2,-9.35,-9.23,-8.19,-7.92,-3.7,1.16,2.13,0.41,-1.6,-2.32,0.49,-2.14,-4.32,-5.0,-5.59,-6.02,-6.33,-7.13,-4.5,0.12,-2.25,-3.94,-4.93,-5.52,-5.99,-5.96,-6.67,-7.09,-6.96,-6.45,-6.5,-6.92,-6.92,-3.92,-4.45,-6.86,-7.83,-6.71,-6.58,-6.76,-5.69,-2.01,-2.19,-2.66,-3.74,-2.02,2.36,5.5,6.12,6.35,6.24,6.48,6.6,6.35,6.29,5.91,5.65,5.23,3.9,2.59,1.14,0.36,2.44,5.19,8.82
0.57,0.05,-0.29,-1.11,-2.94,0.02,1.5,1.47,1.42,-3.03,-2.35,-3.52,-5.22,-6.64,-4.89,-5.47,-9.56,-10.25,-10.89,-12.32,-11.39,-5.83,0.5,0.29,-0.89,-2.55,-3.87,-5.16,-4.58,-3.8,-5.7,-6.37,-6.29,-6.52,-6.4,-9.76,-9.01,-3.0,-3.3,-4.99,-6.37,-6.08,-6.08,-5.99,-5.75,-6.3,-6.58,-6.35,-7.75,-5.77,-3.9,-5.69,-6.02,-6.19,-6.33,-6.22,-6.18,-5.66,-4.62,-0.92,-3.43,-0.03,6.81,7.38,8.25,8.58,8.01,6.83,6.38,6.02,6.51,6.42,6.67,6.57,5.18,4.25,2.97,0.96,-1.55,-2.06,-0.4,3.09,9.27
-0.91,-2.13,-3.42,-4.48,-4.65,-1.63,-1.19,-0.06,-3.37,-2.92,-3.97,-5.18,-6.52,-8.23,-7.67,-7.35,-9.39,-9.69,-8.05,-2.4,-1.2,-0.86,-1.19,-2.83,-3.88,-4.63,-5.14,-5.02,-5.42,-4.44,-2.1,-5.32,-6.76,-4.49,-3.13,-1.48,-0.33,0.19,-1.5,-4.47,-5.35,-5.44,-4.53,-4.87,-5.27,-6.19,-5.18,-5.13,-3.95,-4.19,-5.77,-5.4,-5.52,-5.71,-6.2,-7.19,-6.06,-3.85,-2.35,1.62,4.73,7.57,8.16,8.52,9.26,8.96,7.85,6.79,5.97,5.92,6.13,6.61,6.84,5.77,4.53,3.57,1.54,-1.71,-3.18,-3.26,0.64,8.26,9.42
-4.23,-5.33,-6.38,-6.36,-5.33,-5.69,-3.32,-3.46,-5.6,-3.44,-3.94,-7.48,-8.3,-6.33,-3.81,-3.04,-3.66,-1.81,-0.16,-0.49,-0.3,-1.2,-3.37,-5.01,-5.12,-5.22,-3.69,-3.09,-3.91,-0.48,-0.29,-2.11,-2.62,-2.76,-1.66,-1.44,-2.47,-3.0,-4.25,-4.99,-5.96,-4.83,-4.62,-4.69,-4.16,-5.06,-4.14,-3.08,-3.17,-3.32,-4.08,-3.26,-4.07,-5.42,-5.44,-4.54,-2.16,0.81,3.74,5.78,6.65,7.93,7.85,8.08,8.06,7.72,7.21,6.88,6.44,5.88,5.61,6.12,6.46,5.06,2.79,0.74,-0.81,-1.63,-2.07,1.18,8.02,7.52,7.58
-5.52,-6.58,-7.23,-7.45,-7.77,-9.79,-3.95,-3.86,-5.68,-3.82,-10.03,-8.15,-2.96,-0.92,-0.33,0.5,1.91,1.84,0.69,-0.4,-0.55,-2.94,-4.39,-4.56,-3.6,-2.39,-1.82,-2.29,-1.72,-2.1,-3.09,-3.38,-3.34,-3.33,-3.4,-3.27,-4.55,-4.61,-5.41,-5.57,-5.53,-4.37,-3.27,-4.91,-4.83,-4.92,-4.04,-3.49,-3.0,-2.61,-2.49,-2.98,-4.58,-4.88,-3.57,-0.93,1.22,4.48,8.24,7.16,7.25,7.21,6.83,6.73,6.66,7.23,7.34,7.04,6.66,6.41,6.43,5.8,3.65,2.97,1.72,-0.62,-1.52,-1.62,0.12,3.97,6.3,5.37,6.24
-5.18,-7.09,-8.18,-8.38,-10.06,-12.4,-15.6,-6.88,-7.23,-7.34,-7.12,-7.27,-5.34,-2.5,1.59,4.13,4.14,2.51,1.41,0.21,-2.27,-4.13,-4.68,-4.63,-4.67,-3.31,-3.02,-2.97,-3.38,-4.22,-3.91,-3.57,-2.69,-3.39,-3.94,-4.39,-4.94,-4.92,-4.81,-5.47,-5.89,-6.8,-5.93,-6.2,-5.31,-4.6,-3.94,-3.79,-3.13,-3.07,-3.0,-2.4,-2.78,-1.51,0.84,2.94,5.91,7.32,6.87,6.7,6.37,6.09,5.84,5.99,6.46,6.8,6.66,6.55,6.27,6.03,5.62,4.19,2.31,0.64,-0.6,-0.98,-1.0,-0.22,2.25,5.21,4.69,4.4,5.57
-2.82,-7.52,-9.05,-9.13,-10.02,-12.34,-15.36,-15.4,-12.37,-8.5,-8.11,-9.34,-4.98,-1.92,1.93,5.26,4.47,1.78,0.56,-0.96,-2.93,-3.41,-3.54,-4.56,-4.81,-3.57,-4.75,-4.14,-3.6,-3.13,-3.49,-3.14,-3.64,-4.72,-5.34,-5.07,-6.02,-5.77,-5.05,-5.63,-6.71,-8.22,-7.39,-6.52,-6.14,-5.01,-4.1,-3.76,-3.04,-2.5,-2.14,-1.78,-1.13,-0.28,3.62,6.02,5.2,5.94,6.36,6.32,4.82,4.97,5.95,6.27,6.34,6.34,6.75,6.94,6.51,5.77,4.11,2.59,0.61,-1.07,-2.46,-2.37,-2.0,0.08,3.13,3.64,5.16,5.27,5.62
-1.85,-6.41,-8.54,-8.94,-9.41,-11.0,-13.21,-14.85,-14.53,-8.93,-6.0,-4.63,-2.37,-3.38,3.1,6.1,4.52,0.7,-1.06,-2.96,-3.38,-1.93,-3.1,-4.79,-5.32,-4.25,-3.87,-4.27,-4.7,-3.85,-3.07,-3.75,-4.42,-5.08,-6.15,-5.49,-6.29,-5.68,-6.28,-6.27,-7.13,-7.28,-7.05,-5.27,-3.93,-2.49,-1.37,-0.68,-0.05,0.53,1.65,3.08,3.93,4.11,3.59,4.4,5.33,4.87,3.65,4.76,5.45,6.23,6.81,6.95,6.2,6.12,7.26,6.47,5.84,3.7,2.05,0.08,-1.53,-3.05,-3.24,-4.52,-3.55,-0.02,6.09,8.02,6.46,5.97,5.77
-2.14,-5.67,-7.33,-7.6,-8.34,-9.24,-9.96,-10.51,-10.57,-7.83,-5.01,-4.25,-4.3,-8.21,4.3,7.52,5.75,1.85,-1.16,-3.72,-2.31,-0.21,-2.11,-3.6,-5.63,-4.9,-4.85,-5.25,-5.05,-4.54,-3.52,-4.51,-5.65,-6.24,-6.98,-6.94,-7.15,-6.04,-6.66,-6.45,-6.35,-6.11,-5.73,-4.53,-3.11,-1.45,0.09,1.43,1.28,2.44,3.43,3.3,3.51,3.32,3.03,2.78,3.97,6.88,6.97,5.83,5.67,7.69,6.36,6.39,5.55,6.15,6.45,6.06,4.75,2.2,0.34,-0.89,-2.24,-3.59,-4.7,-4.92,-4.11,3.94,10.13,10.02,8.23,6.51,7.04
-2.18,-4.63,-6.71,-7.43,-7.35,-7.23,-7.63,-7.45,-7.18,-5.38,-3.78,-5.07,-5.6,-5.41,-0.14,5.09,4.01,0.77,-1.88,-2.04,-2.4,-2.19,-2.11,-3.05,-4.12,-4.82,-5.3,-5.35,-5.52,-4.34,-5.13,-5.81,-6.08,-7.0,-6.94,-7.38,-7.24,-7.24,-6.86,-6.53,-5.8,-4.84,-3.54,-1.48,0.47,0.48,0.44,1.11,2.0,1.94,2.49,1.53,1.54,2.81,3.71,4.74,6.51,6.6,4.56,4.15,6.01,5.55,5.76,5.09,5.28,5.59,5.91,4.61,3.03,1.12,-0.67,-1.91,-3.2,-3.92,-4.64,-4.4,-1.45,5.83,8.83,9.37,9.04,7.95,7.23
