data/wind.json
{"header": { "discipline":0, "disciplineName":"Meteorological products", "gribEdition":2, "gribLength":79475, "center":7, "centerName":"US National Weather Service - NCEP(WMC)", "subcenter":0, "refTime":"2015-04-22T00:00:00.000Z", "significanceOfRT":0, "significanceOfRTName":"Analysis", "productStatus":0, "productStatusName":"Operational products", "productType":0, "productTypeName":"Analysis products", "productDefinitionTemplate":0, "productDefinitionTemplateName":"Analysis/forecast at horizontal level/layer at a point in time", "parameterCategory":2, "parameterCategoryName":"Momentum", "parameterNumber":2, "parameterNumberName":"U-component_of_wind", "parameterUnit":"m.s-1", "genProcessType":0, "genProcessTypeName":"Analysis", "forecastTime":0, "surface1Type":103, "surface1TypeName":"Specified height level above ground", "surface1Value":100.0, "surface2Type":255, "surface2TypeName":"Missing", "surface2Value":0.0, "gridDefinitionTemplate":0, "gridDefinitionTemplateName":"Latitude_Longitude", "numberPoints":65160, "shape":6, "shapeName":"Earth spherical with radius of 6,371,229.0 m", "gridUnits":"degrees", "resolution":48, "winds":"true", "scanMode":0, "nx":360, "ny":181, "basicAngle":0, "subDivisions":0, "lo1":0.0, "la1":90.0, "lo2":359.0, "la2":-90.0, "dx":1.0, "dy":1.0 }, "data":
[rows 0 to 34 of 181, columns 160 to 239 of 360]
1.11,1.22,1.33,1.44,1.55,1.66,1.77,1.88,1.99,2.1,2.2,2.31,2.42,2.52,2.63,2.73,2.83,2.94,3.04,3.14,3.24,3.33,3.43,3.53,3.62,3.72,3.81,3.9,3.99,4.08,4.17,4.26,4.34,4.43,4.51,4.59,4.67,4.75,4.83,4.9,4.98,5.05,5.12,5.19,5.26,5.32,5.39,5.45,5.51,5.57,5.63,5.69,5.74,5.8,5.85,5.9,5.94,5.99,6.03,6.08,6.12,6.16,6.19,6.23,6.26,6.29,6.32,6.35,6.37,6.39,6.42,6.43,6.45,6.47,6.48,6.49,6.5,6.51,6.51,6.52
2.31,2.33,2.35,2.36,2.38,2.4,2.41,2.43,2.44,2.46,2.48,2.5,2.52,2.55,2.57,2.6,2.64,2.67,2.71,2.75,2.79,2.84,2.9,2.96,3.02,3.09,3.16,3.24,3.32,3.41,3.49,3.59,3.68,3.78,3.87,3.98,4.08,4.19,4.31,4.42,4.54,4.66,4.78,4.9,5.03,5.15,5.27,5.39,5.51,5.63,5.75,5.87,5.99,6.11,6.23,6.34,6.46,6.57,6.68,6.79,6.89,7.0,7.1,7.2,7.3,7.39,7.49,7.58,7.67,7.75,7.84,7.92,8.0,8.08,8.15,8.23,8.3,8.37,8.43,8.5
4.29,4.47,4.67,4.87,5.08,5.29,5.5,5.71,5.92,6.12,6.31,6.49,6.65,6.8,6.94,7.06,7.16,7.24,7.3,7.35,7.38,7.39,7.39,7.38,7.36,7.32,7.28,7.23,7.18,7.11,7.04,6.97,6.92,6.88,6.87,6.87,6.87,6.86,6.85,6.82,6.79,6.75,6.73,6.7,6.68,6.66,6.63,6.61,6.58,6.55,6.5,6.43,6.36,6.27,6.2,6.14,6.11,6.1,6.1,6.09,6.07,6.03,5.99,5.96,5.95,5.97,6.01,6.05,6.1,6.15,6.19,6.24,6.3,6.39,6.49,6.62,6.75,6.89,7.05,7.21
7.01,7.04,7.07,7.1,7.15,7.22,7.29,7.37,7.45,7.52,7.6,7.66,7.72,7.78,7.85,7.91,7.96,8.01,8.06,8.12,8.17,8.2,8.21,8.22,8.24,8.26,8.27,8.27,8.27,8.28,8.3,8.32,8.32,8.31,8.32,8.33,8.35,8.36,8.36,8.36,8.35,8.34,8.31,8.27,8.23,8.2,8.17,8.14,8.12,8.1,8.09,8.08,8.07,8.07,8.07,8.06,8.06,8.06,8.05,8.06,8.06,8.07,8.07,8.08,8.09,8.1,8.11,8.12,8.12,8.12,8.11,8.1,8.07,8.04,8.0,7.96,7.9,7.84,7.76,7.67
6.51,6.54,6.57,6.58,6.6,6.61,6.63,6.65,6.67,6.69,6.71,6.73,6.75,6.76,6.78,6.79,6.81,6.84,6.87,6.91,6.97,7.02,7.02,6.94,6.84,6.74,6.67,6.59,6.51,6.44,6.36,6.27,6.18,6.1,6.05,6.02,6.02,6.03,6.06,6.09,6.12,6.15,6.18,6.21,6.23,6.25,6.27,6.3,6.33,6.36,6.4,6.43,6.47,6.5,6.53,6.56,6.58,6.59,6.61,6.64,6.66,6.69,6.72,6.75,6.78,6.81,6.83,6.85,6.88,6.92,6.95,6.98,7.02,7.06,7.1,7.14,7.18,7.21,7.24,7.27
5.13,5.18,5.23,5.27,5.32,5.36,5.41,5.48,5.56,5.65,5.73,5.81,5.87,5.91,5.93,5.96,5.98,6.0,6.02,6.03,6.04,6.04,6.04,6.03,6.03,6.02,6.02,6.01,5.99,5.97,5.96,5.97,5.97,5.98,6.0,6.02,6.03,6.04,6.06,6.07,6.08,6.09,6.1,6.1,6.11,6.1,6.1,6.08,6.06,6.06,6.07,6.08,6.08,6.08,6.09,6.09,6.08,6.08,6.08,6.08,6.08,6.09,6.1,6.13,6.16,6.18,6.2,6.21,6.23,6.26,6.26,6.27,6.3,6.33,6.35,6.38,6.41,6.41,6.42,6.43
5.99,6.05,6.09,6.13,6.18,6.24,6.33,6.43,6.5,6.52,6.53,6.52,6.53,6.53,6.54,6.54,6.54,6.55,6.54,6.54,6.54,6.55,6.54,6.53,6.49,6.45,6.41,6.36,6.32,6.26,6.21,6.16,6.13,6.09,6.02,5.97,5.93,5.89,5.87,5.87,5.88,5.89,5.9,5.91,5.92,5.94,5.97,5.99,6.01,6.03,6.06,6.09,6.12,6.15,6.18,6.2,6.22,6.23,6.24,6.24,6.23,6.22,6.21,6.19,6.18,6.16,6.15,6.14,6.12,6.11,6.1,6.08,6.07,6.09,6.1,6.1,6.11,6.12,6.14,6.16
5.79,5.86,5.93,5.99,6.02,6.04,6.04,6.04,6.06,6.09,6.12,6.1,6.1,6.11,6.11,6.09,6.06,6.01,5.97,5.93,5.9,5.86,5.83,5.81,5.78,5.75,5.72,5.71,5.69,5.67,5.66,5.64,5.62,5.62,5.6,5.59,5.57,5.55,5.53,5.52,5.51,5.5,5.47,5.44,5.42,5.41,5.41,5.41,5.42,5.44,5.45,5.48,5.51,5.55,5.6,5.67,5.74,5.81,5.88,5.95,6.02,6.08,6.13,6.18,6.22,6.25,6.28,6.32,6.34,6.35,6.35,6.36,6.37,6.37,6.39,6.39,6.39,6.38,6.36,6.34
5.24,5.23,5.18,5.12,5.04,4.98,4.92,4.87,4.84,4.82,4.79,4.76,4.73,4.68,4.63,4.58,4.53,4.49,4.46,4.44,4.42,4.42,4.44,4.45,4.47,4.52,4.54,4.58,4.61,4.64,4.61,4.57,4.51,4.45,4.44,4.4,4.34,4.26,4.16,4.1,4.06,4.02,4.01,4.0,4.01,4.04,4.09,4.14,4.2,4.27,4.35,4.43,4.52,4.61,4.71,4.81,4.91,5.02,5.14,5.28,5.41,5.53,5.66,5.79,5.9,6.02,6.14,6.25,6.34,6.44,6.53,6.61,6.68,6.74,6.8,6.85,6.89,6.9,6.89,6.88
4.07,4.0,3.94,3.87,3.81,3.73,3.67,3.61,3.55,3.5,3.42,3.3,3.18,3.08,3.01,2.95,2.86,2.77,2.68,2.61,2.53,2.43,2.31,2.2,2.08,1.96,1.83,1.68,1.52,1.34,1.14,0.91,0.68,0.45,0.26,0.1,-0.03,-0.13,-0.22,-0.29,-0.36,-0.43,-0.5,-0.56,-0.6,-0.62,-0.63,-0.6,-0.54,-0.45,-0.32,-0.17,0.03,0.25,0.51,0.79,1.09,1.42,1.76,2.11,2.47,2.84,3.21,3.58,3.93,4.28,4.6,4.91,5.19,5.45,5.69,5.9,6.09,6.26,6.39,6.5,6.57,6.63,6.67,6.69
3.0,2.94,2.87,2.77,2.66,2.53,2.35,2.14,1.94,1.76,1.61,1.47,1.33,1.19,1.04,0.89,0.72,0.56,0.38,0.17,-0.09,-0.41,-0.78,-1.21,-1.67,-2.15,-2.64,-3.08,-3.45,-3.75,-3.99,-4.16,-4.35,-4.59,-4.81,-5.04,-5.29,-5.56,-5.83,-6.08,-6.31,-6.49,-6.65,-6.77,-6.84,-6.87,-6.84,-6.77,-6.69,-6.6,-6.45,-6.25,-6.11,-5.91,-5.66,-5.39,-5.13,-4.82,-4.47,-4.07,-3.66,-3.2,-2.69,-2.13,-1.53,-0.9,-0.26,0.39,1.02,1.64,2.23,2.78,3.29,3.76,4.18,4.58,4.94,5.26,5.53,5.75
1.33,1.21,1.07,0.93,0.81,0.71,0.64,0.58,0.55,0.5,0.39,0.2,-0.06,-0.38,-0.73,-1.12,-1.55,-2.06,-2.63,-3.19,-3.72,-4.17,-4.55,-4.9,-5.22,-5.56,-5.93,-6.34,-6.77,-7.2,-7.59,-7.94,-8.28,-8.59,-8.87,-9.1,-9.29,-9.42,-9.54,-9.68,-9.86,-10.07,-10.26,-10.42,-10.51,-10.53,-10.48,-10.39,-10.28,-10.18,-10.08,-9.97,-9.83,-9.65,-9.46,-9.25,-9.01,-8.78,-8.55,-8.3,-8.04,-7.75,-7.45,-7.16,-6.83,-6.47,-6.06,-5.59,-5.03,-4.37,-3.64,-2.87,-2.06,-1.22,-0.4,0.39,1.16,1.89,2.54,3.12
-0.53,-0.67,-0.8,-0.91,-1.0,-1.09,-1.21,-1.37,-1.57,-1.78,-1.98,-2.21,-2.5,-2.84,-3.22,-3.65,-4.06,-4.36,-4.58,-4.91,-5.3,-5.73,-6.32,-7.05,-7.77,-8.37,-8.89,-9.3,-9.59,-9.82,-10.03,-10.15,-10.23,-10.34,-10.49,-10.63,-10.77,-10.95,-11.11,-11.24,-11.35,-11.49,-11.67,-11.89,-12.08,-12.21,-12.29,-12.33,-12.32,-12.26,-12.19,-12.17,-12.16,-12.12,-12.01,-11.91,-11.83,-11.73,-11.6,-11.4,-11.25,-11.08,-10.86,-10.58,-10.27,-9.93,-9.59,-9.19,-8.74,-8.25,-7.75,-7.24,-6.71,-6.1,-5.41,-4.63,-3.81,-2.98,-2.15,-1.33
-3.5,-3.45,-3.42,-3.44,-3.45,-3.45,-3.42,-3.37,-3.38,-3.53,-3.77,-4.0,-4.21,-4.39,-4.55,-4.78,-5.09,-5.49,-5.99,-6.58,-7.28,-7.96,-8.44,-8.77,-9.12,-9.47,-9.81,-10.13,-10.29,-10.24,-10.11,-9.9,-9.75,-9.65,-9.55,-9.5,-9.5,-9.53,-9.58,-9.74,-9.93,-10.16,-10.46,-10.8,-11.13,-11.43,-11.67,-11.84,-12.0,-12.22,-12.48,-12.67,-12.76,-12.85,-13.05,-13.29,-13.51,-13.51,-13.56,-13.63,-13.62,-13.5,-13.3,-13.05,-12.81,-12.54,-12.22,-11.84,-11.43,-10.97,-10.46,-9.92,-9.35,-8.75,-8.14,-7.52,-6.85,-6.05,-5.09,-4.25
-5.37,-5.27,-5.2,-5.15,-5.08,-5.03,-5.01,-5.01,-5.04,-5.11,-5.34,-5.45,-5.44,-5.48,-5.64,-5.82,-6.07,-6.4,-6.71,-6.91,-7.04,-7.05,-6.92,-6.74,-6.72,-6.93,-7.33,-7.65,-7.81,-7.74,-7.43,-7.05,-6.63,-6.2,-5.78,-5.43,-5.23,-5.13,-5.09,-5.17,-5.4,-5.67,-5.92,-6.24,-6.74,-7.41,-8.18,-8.98,-9.52,-9.82,-10.2,-10.78,-11.38,-11.82,-12.26,-12.83,-13.38,-13.7,-13.86,-13.88,-13.87,-13.84,-13.82,-13.9,-13.95,-13.87,-13.62,-13.27,-12.88,-12.47,-12.03,-11.58,-11.1,-10.6,-10.09,-9.68,-9.29,-8.93,-8.55,-7.82
-6.31,-6.38,-6.46,-6.48,-6.42,-6.31,-6.16,-6.07,-6.1,-6.28,-6.51,-6.63,-6.62,-6.46,-6.2,-5.9,-5.55,-5.19,-4.84,-4.53,-4.21,-3.82,-3.36,-2.98,-2.74,-2.59,-2.49,-2.49,-2.66,-2.99,-3.31,-3.5,-3.46,-3.26,-2.97,-2.74,-2.72,-2.65,-2.45,-2.46,-2.83,-3.26,-3.61,-3.99,-4.31,-4.77,-5.34,-6.0,-6.77,-7.64,-8.54,-9.34,-10.03,-10.82,-11.53,-12.1,-12.63,-13.01,-13.14,-13.2,-13.39,-13.61,-13.65,-13.58,-13.57,-13.7,-13.88,-13.93,-13.81,-13.57,-13.21,-12.82,-12.39,-11.92,-11.41,-10.95,-10.83,-10.87,-10.89,-10.31
-7.04,-7.14,-7.23,-7.44,-7.7,-7.9,-7.97,-7.88,-7.7,-7.49,-7.28,-7.09,-6.87,-6.66,-6.34,-5.83,-5.26,-4.73,-4.15,-3.58,-3.02,-2.47,-1.98,-1.63,-1.34,-1.0,-0.61,-0.19,0.17,0.38,0.42,0.37,0.26,0.17,0.15,0.16,0.15,-0.24,-1.06,-1.58,-1.63,-1.83,-2.14,-2.54,-3.11,-3.64,-4.17,-4.88,-5.8,-6.73,-7.69,-8.59,-9.39,-10.3,-11.2,-11.64,-11.99,-12.25,-12.41,-12.56,-12.62,-12.7,-12.8,-12.87,-12.82,-12.84,-13.04,-13.25,-13.36,-13.42,-13.44,-13.25,-12.84,-12.36,-11.49,-10.82,-12.03,-12.2,-10.31,-7.92
-7.0,-7.36,-7.61,-7.8,-8.0,-8.21,-8.4,-8.51,-8.54,-8.46,-8.33,-8.13,-7.86,-7.52,-7.17,-6.75,-6.3,-5.86,-5.51,-5.11,-4.57,-4.07,-3.66,-3.28,-2.88,-2.37,-1.79,-1.48,-1.39,-1.24,-1.07,-0.91,-0.65,-0.31,0.1,0.63,1.09,0.94,0.34,-0.12,-0.73,-1.62,-2.22,-2.39,-2.39,-2.58,-3.02,-3.65,-4.58,-5.73,-6.9,-8.25,-9.43,-10.21,-10.85,-11.28,-11.51,-11.77,-11.95,-11.98,-12.05,-12.04,-11.99,-11.99,-12.02,-12.09,-12.2,-12.37,-12.4,-12.15,-11.8,-11.82,-12.28,-12.25,-11.6,-13.2,-14.9,-13.06,-11.02,-10.54
-5.22,-5.7,-6.33,-6.94,-7.29,-7.44,-7.46,-7.46,-7.47,-7.55,-7.73,-7.94,-8.1,-8.07,-7.93,-7.73,-7.1,-6.39,-6.25,-6.51,-6.3,-5.13,-3.38,-2.27,-1.9,-1.51,-1.16,-1.01,-1.2,-1.45,-1.53,-1.72,-1.74,-1.67,-1.42,-0.81,0.0,0.66,0.4,0.02,0.22,0.04,-0.32,-0.53,-0.34,-0.5,-1.02,-1.44,-2.02,-2.8,-4.02,-6.68,-9.31,-10.72,-11.36,-11.34,-10.91,-10.8,-11.14,-11.55,-11.8,-11.73,-11.64,-11.57,-11.54,-11.46,-11.39,-11.36,-11.53,-11.81,-12.15,-12.8,-13.61,-13.32,-12.25,-13.17,-15.56,-14.74,-11.65,-10.07
-2.76,-3.57,-4.1,-4.57,-4.74,-4.58,-4.34,-4.29,-4.58,-5.05,-5.55,-6.11,-6.65,-7.36,-7.99,-7.71,-7.04,-6.32,-5.67,-5.12,-3.88,-2.65,-1.95,-1.89,-1.97,-2.23,-2.36,-2.26,-1.83,-1.25,-0.64,-0.07,0.37,0.59,0.49,0.06,-0.07,0.23,0.48,0.21,-0.29,-0.47,-0.44,0.15,1.01,1.76,1.81,1.39,1.48,1.49,2.62,3.81,2.22,0.89,1.07,2.32,4.3,2.94,-1.88,-4.84,-6.95,-8.56,-8.38,-7.88,-7.76,-7.84,-8.22,-9.36,-10.49,-11.25,-11.79,-12.39,-12.95,-13.72,-15.31,-16.59,-18.01,-15.96,-13.56,-13.91
0.06,-0.81,-1.47,-1.56,-1.18,-0.97,-0.31,0.09,0.14,-0.26,-0.15,-0.26,0.05,0.81,1.15,0.17,-1.55,-3.15,-3.29,-2.67,-2.43,-2.45,-2.58,-2.65,-3.02,-3.62,-4.09,-4.25,-4.13,-3.84,-3.5,-3.18,-2.91,-2.5,-1.94,-1.48,-1.33,-1.21,-0.79,-0.1,0.32,0.66,0.98,1.26,1.87,2.82,4.43,5.72,6.23,6.43,6.9,6.41,7.17,8.97,9.91,7.15,3.34,4.86,7.3,6.4,-0.68,-3.07,-1.67,-0.75,0.36,0.64,-0.92,-1.98,-3.71,-5.7,-6.49,-7.01,-7.07,-7.61,-8.64,-8.65,-8.75,-10.38,-14.03,-15.66
1.4,1.76,1.05,0.27,-0.86,-1.6,-0.27,0.76,2.16,4.59,4.49,2.61,0.87,0.89,0.24,0.16,-1.69,-2.36,-1.95,-1.75,-2.73,-2.95,-2.07,-2.47,-3.37,-4.04,-4.76,-5.37,-5.87,-6.46,-6.88,-6.95,-6.88,-6.21,-4.75,-3.8,-2.51,-1.32,-0.46,0.22,0.73,1.76,2.72,3.36,4.79,7.17,7.85,8.21,7.99,7.67,8.84,7.33,2.39,2.14,2.41,1.76,1.92,3.36,5.64,8.12,9.93,10.12,8.76,9.03,5.3,2.21,2.1,2.33,2.23,0.18,-4.55,-6.87,-8.23,-7.81,-6.46,-6.09,-6.95,-9.86,-9.12,-6.09
2.1,3.86,3.55,2.66,2.05,1.92,1.94,0.29,-0.15,-1.15,-1.33,0.42,1.8,1.18,-1.41,-2.02,-1.52,-2.24,-2.28,-2.12,-1.93,-1.5,-1.03,-1.07,-2.06,-3.17,-4.26,-4.74,-4.91,-5.18,-5.36,-5.24,-4.87,-4.34,-4.0,-3.15,-2.28,-1.27,0.28,0.15,0.79,1.42,1.21,2.33,3.03,2.3,1.87,2.38,2.18,1.89,2.23,2.98,2.8,2.62,3.38,4.27,4.96,5.62,6.94,8.46,5.18,3.49,4.46,4.98,3.58,1.43,1.91,2.2,1.75,2.03,2.44,-1.92,-6.53,-7.49,-8.97,-9.71,-9.86,-9.33,-7.92,-9.69
0.59,0.01,1.51,2.74,2.79,2.8,1.72,1.03,1.4,1.77,0.07,-0.86,-1.0,-0.7,-0.92,-2.24,-2.29,-2.59,-3.63,-4.45,-4.62,-3.03,-2.97,-1.26,-1.36,-1.38,-3.39,-3.81,-3.17,-4.07,-6.46,-7.56,-7.54,-7.41,-7.48,-7.28,-6.65,-5.31,-4.05,-2.74,-1.62,-1.42,-1.26,-1.2,1.22,2.45,3.15,3.65,4.93,4.04,4.97,6.05,4.95,5.98,6.78,6.95,6.31,5.68,4.86,5.14,6.13,6.07,4.29,2.89,8.03,5.97,6.97,7.6,7.69,5.62,3.3,4.02,-0.16,-4.62,-6.57,-7.28,-8.42,-10.25,-9.15,-8.65
-1.5,-1.37,-0.8,-0.27,0.45,0.66,1.63,1.83,1.68,0.51,0.88,-0.08,-1.04,-1.03,-0.45,-1.88,-2.65,-3.56,-2.25,-1.45,-4.61,-6.29,-5.24,-3.9,-3.77,-3.23,-1.2,-1.85,-3.73,-1.13,-1.43,-5.01,-4.63,-5.74,-5.67,-3.9,-3.49,-5.45,-3.35,-3.16,-1.35,-0.69,-1.84,-0.76,1.68,2.03,2.71,2.53,3.29,4.44,3.08,3.88,5.37,5.85,4.73,4.76,3.88,4.36,3.18,4.39,3.2,2.58,3.39,4.23,4.78,4.26,4.88,7.59,8.36,9.94,7.44,4.18,4.86,2.51,-3.94,-4.46,-4.82,-5.84,-6.35,-8.19
0.67,0.95,-0.7,-1.6,-0.07,0.39,-0.52,-1.07,0.29,0.85,-1.34,-0.98,-1.04,0.29,1.52,2.04,2.72,2.16,0.97,-1.07,-2.0,-3.57,-6.01,-5.58,-4.89,-3.99,-3.49,-2.34,-3.41,-7.88,-9.43,-10.61,-11.17,-10.13,-5.46,-3.3,-1.79,1.22,-0.23,-1.68,-3.0,-1.94,-0.2,0.32,1.36,0.7,1.53,2.18,1.76,2.36,3.36,3.49,3.9,4.41,2.49,1.37,1.92,2.13,-0.08,0.63,2.82,3.08,3.63,1.56,2.35,1.41,1.35,1.83,1.47,1.93,0.76,0.09,1.62,4.21,0.76,-2.91,-5.54,-6.28,-5.52,-5.82
-1.35,-1.28,-0.25,-1.91,-1.09,-0.55,0.1,-0.35,-1.66,-2.34,-1.85,0.0,1.06,0.62,0.74,1.93,2.17,3.37,3.3,1.98,1.37,2.36,-0.69,-4.76,-4.55,-2.18,-4.31,-4.92,-1.09,1.92,3.65,3.73,2.79,2.59,0.17,-0.91,0.05,2.2,5.48,-0.99,-5.12,-3.21,-4.21,-3.49,-0.68,1.22,0.08,-1.58,-0.87,-0.18,-0.12,0.55,2.28,0.6,-0.22,0.63,1.27,3.32,4.14,5.48,5.22,4.95,3.33,3.21,1.51,1.56,0.22,1.43,1.98,2.32,2.67,2.57,2.05,1.5,0.62,-1.89,-3.59,-4.87,-7.38,-8.55
-1.97,-0.07,-1.37,-2.21,-3.04,-3.69,-4.2,-3.8,-5.06,-6.1,-4.23,-1.05,0.31,1.06,1.04,1.24,-0.03,-1.13,-0.43,1.61,4.23,3.81,3.18,4.24,1.87,-3.04,-2.11,0.87,2.72,4.68,6.81,7.73,7.21,6.25,5.03,2.99,0.78,0.8,1.13,-0.39,-1.55,-0.74,-1.09,-1.63,-0.36,1.24,-0.29,-0.74,-0.97,0.35,1.75,0.33,-1.09,-0.42,0.49,3.86,7.13,6.38,5.99,3.54,3.43,5.05,5.38,4.01,1.25,1.39,1.64,0.17,0.79,1.51,2.58,2.81,2.18,0.78,2.05,-1.77,-4.57,-3.83,-4.44,-7.12
-7.62,-5.6,-4.37,-5.65,-7.01,-5.5,-4.62,-2.9,-1.91,-2.2,-1.93,-1.43,-1.32,0.67,0.28,-0.43,-0.2,-2.3,-1.92,-3.24,-1.71,0.99,2.55,3.26,4.03,5.05,4.45,1.8,1.57,1.64,2.07,2.4,2.53,2.35,1.95,0.32,0.39,0.77,1.42,1.52,-0.06,-1.38,-1.3,-1.02,-1.02,-1.87,-1.43,-2.26,-2.76,0.83,1.63,0.1,1.02,-1.24,-2.58,-6.99,3.81,4.06,3.51,4.97,3.56,3.66,3.87,3.19,1.23,0.7,2.38,1.27,2.11,3.46,1.11,2.17,1.56,-1.28,-1.16,-0.27,-2.74,-4.4,-7.5,-10.07
-9.03,-8.23,-11.23,-7.28,-4.89,-3.68,-3.13,-4.75,-4.82,-2.95,-4.03,-3.36,-4.34,-4.33,-3.47,-1.87,0.75,1.71,-3.03,-6.62,-4.96,-2.59,0.85,2.91,3.33,4.44,5.74,5.79,3.45,2.0,1.21,0.77,0.54,-0.13,-0.87,-0.04,-0.87,-0.19,1.67,1.98,1.19,-2.23,-1.74,-0.9,-2.49,-4.07,-3.99,-4.37,-2.64,-0.44,-4.99,-3.44,-2.43,-3.26,1.04,-1.82,3.4,-1.19,-2.06,-0.03,4.46,3.0,1.46,3.36,5.38,5.51,4.25,2.68,2.29,3.28,3.18,1.95,2.05,3.04,0.82,-1.75,-1.95,-1.54,-4.92,-6.83
-16.72,-11.61,-10.95,-5.97,-10.69,-11.56,-12.46,-11.73,-9.81,-9.5,-8.73,-7.11,-6.67,-6.67,-5.51,-2.8,0.99,3.44,4.7,5.72,4.45,2.91,0.99,-0.57,0.51,2.35,4.09,5.92,5.21,3.39,2.3,1.25,0.58,0.02,-1.34,-2.58,-2.07,-0.22,1.35,-0.12,-0.93,-0.81,-2.01,-3.07,-5.17,-7.31,-3.96,-3.03,-2.47,-5.08,-7.13,-1.29,-0.14,0.5,1.94,3.87,2.93,-2.17,1.62,4.99,3.22,4.91,3.91,3.26,4.92,3.44,2.41,4.0,3.62,6.08,6.99,5.08,6.31,6.17,6.33,-0.39,-0.17,-1.56,-6.95,-8.37
-8.15,-9.97,-4.5,-8.65,-10.0,-13.75,-14.51,-13.71,-12.51,-11.2,-9.73,-8.17,-6.49,-5.0,-3.69,-2.28,-0.98,0.59,2.42,4.32,6.07,7.19,8.24,8.57,5.39,0.79,1.35,4.32,5.81,4.98,5.09,3.44,2.64,1.54,-1.06,-1.63,-0.79,-1.52,0.99,-2.63,-1.36,-2.09,-2.93,-3.5,-2.52,-2.04,-1.24,-5.48,-6.82,-4.67,-3.38,-2.29,-0.54,1.24,2.65,3.55,3.94,4.79,6.08,7.65,8.73,8.0,2.18,2.09,2.32,2.08,4.63,3.36,3.42,7.73,5.24,2.94,3.25,3.61,1.68,0.92,1.18,2.2,2.3,-6.28
-12.82,-8.19,-10.99,-13.99,-12.7,-12.26,-11.95,-11.94,-12.57,-13.36,-13.77,-13.4,-10.79,-7.99,-5.35,-2.48,0.0,2.29,4.11,5.52,6.74,7.24,6.83,6.19,6.29,7.75,7.62,4.74,3.69,3.09,4.64,5.05,4.47,4.37,3.47,2.71,0.58,-0.23,-0.55,-2.18,-3.24,-4.52,-3.31,-7.86,-7.75,-4.59,-2.01,-3.75,-2.89,-3.23,-1.76,-0.43,0.64,0.88,1.57,2.42,3.33,4.28,5.32,6.49,7.81,8.65,9.24,10.56,10.74,8.31,5.22,5.0,4.19,5.35,4.8,5.91,3.52,3.41,1.31,2.56,2.5,-1.42,-0.97,1.22
-13.67,-11.09,-14.88,-13.25,-13.33,-13.12,-12.62,-11.81,-10.44,-8.94,-7.28,-5.55,-4.54,-6.11,-7.93,-6.54,-3.62,-0.62,3.08,5.94,7.48,8.05,8.44,8.93,8.99,7.79,7.7,6.66,5.53,4.68,4.2,6.23,7.62,6.89,5.51,4.3,2.99,2.01,1.49,0.09,-0.74,-3.57,-4.63,-4.89,-7.07,-8.89,-8.13,-5.62,-5.95,-4.79,-3.83,-3.08,-1.97,-0.75,0.05,0.78,2.16,3.65,4.69,5.34,6.07,6.31,7.04,7.56,6.51,3.85,4.88,2.7,3.25,5.09,4.73,4.45,3.05,4.16,3.41,2.62,2.78,0.97,0.29,-3.08
-4.33,-4.56,-10.4,-13.03,-14.22,-13.36,-12.66,-11.49,-10.41,-8.89,-7.09,-5.46,-3.8,-2.57,-1.59,-0.69,-1.99,-2.65,-0.51,2.42,5.38,7.79,8.91,8.83,8.78,8.31,7.61,7.76,6.47,5.48,5.34,4.32,4.24,4.81,4.52,4.69,3.9,3.84,4.35,2.53,1.84,-1.54,-3.55,-7.03,-8.8,-10.0,-10.82,-11.29,-10.37,-8.89,-7.29,-5.98,-5.1,-3.38,-1.77,-1.21,-0.53,1.21,3.2,4.09,4.51,5.38,5.74,6.01,6.28,7.33,9.63,5.92,3.67,2.61,4.18,3.64,2.86,3.29,4.47,4.53,0.64,2.49,3.29,-0.83
